1 0.517565 0.166992 0.524101 0.112305 0.60335 0.125977 0.596814 0.180664
1 0.282271 0.231445 0.368056 0.154785 0.39665 0.201172 0.310866 0.277344
1 0.696895 0.233398 0.734477 0.20166 0.814951 0.337891 0.777369 0.369629
1 0.204248 0.420898 0.246732 0.420898 0.246732 0.462891 0.204248 0.462891
1 0.202206 0.481934 0.20384 0.445801 0.245098 0.44873 0.243464 0.484863
1 0.797794 0.49707 0.839461 0.49707 0.839461 0.543945 0.797794 0.543945
1 0.783905 0.599121 0.794118 0.513672 0.84232 0.521973 0.832516 0.607422
1 0.223856 0.677246 0.265931 0.638672 0.342729 0.759277 0.300654 0.797852
1 0.616422 0.810059 0.685049 0.769043 0.707516 0.822266 0.638889 0.863281
1 0.406454 0.868164 0.412173 0.813965 0.556781 0.835449 0.551471 0.889648
