0 0.378268 0.13916 0.457925 0.11377 0.47018 0.168457 0.390523 0.193848
0 0.592729 0.180664 0.616013 0.129395 0.710376 0.191406 0.686683 0.242676
1 0.218546 0.337402 0.247549 0.258301 0.288399 0.279785 0.259395 0.358887
1 0.21732 0.320312 0.256127 0.320312 0.256127 0.371094 0.21732 0.371094
1 0.203023 0.385742 0.212827 0.348633 0.246324 0.361328 0.23652 0.398438
1 0.765931 0.376953 0.805964 0.364746 0.814542 0.404785 0.774101 0.416992
1 0.77165 0.401855 0.812092 0.391113 0.818627 0.427246 0.778186 0.437988
1 0.723448 0.713867 0.739379 0.688477 0.767565 0.713867 0.751634 0.739258
1 0.367647 0.842285 0.381127 0.797852 0.439134 0.823242 0.426062 0.867676
0 0.506536 0.833008 0.648284 0.79248 0.659314 0.845703 0.517565 0.886719
