1 0.44281 0.112793 0.52165 0.106934 0.52451 0.161133 0.44567 0.166992
1 0.636438 0.195801 0.667892 0.156738 0.764297 0.268066 0.732843 0.307129
1 0.221405 0.28418 0.295752 0.18457 0.332925 0.224121 0.258578 0.32373
1 0.77451 0.427734 0.821487 0.427734 0.821487 0.527344 0.77451 0.527344
1 0.176879 0.47998 0.220588 0.47998 0.220588 0.521973 0.176879 0.521973
1 0.178105 0.505371 0.220997 0.505371 0.220997 0.54541 0.178105 0.54541
1 0.702206 0.749512 0.745507 0.701172 0.763072 0.723145 0.719771 0.771973
1 0.237745 0.733398 0.267157 0.692383 0.359477 0.786621 0.330065 0.828125
1 0.642157 0.783203 0.703431 0.722656 0.732843 0.765625 0.671569 0.825684
1 0.439134 0.82959 0.58415 0.816895 0.587418 0.870117 0.442402 0.882812
