1 0.469363 0.116699 0.534314 0.116699 0.534314 0.179688 0.469363 0.179688
1 0.654412 0.228027 0.684641 0.199219 0.719363 0.250977 0.689134 0.279785
0 0.232435 0.262207 0.312092 0.175293 0.345997 0.219238 0.26634 0.306152
1 0.688725 0.276367 0.719771 0.242676 0.764297 0.301758 0.733252 0.335449
1 0.771242 0.437012 0.800654 0.437012 0.800654 0.476074 0.771242 0.476074
0 0.169118 0.444824 0.21201 0.444824 0.21201 0.537598 0.169118 0.537598
0 0.768791 0.46582 0.809641 0.46582 0.809641 0.549316 0.768791 0.549316
1 0.767565 0.524414 0.805147 0.524414 0.805147 0.566406 0.767565 0.566406
1 0.764706 0.572754 0.796569 0.572754 0.796569 0.60498 0.764706 0.60498
1 0.685866 0.745117 0.736111 0.67334 0.767157 0.704102 0.716912 0.775879
1 0.224673 0.724609 0.251225 0.693359 0.331699 0.789062 0.305147 0.820801
1 0.44567 0.844238 0.506944 0.844238 0.506944 0.878906 0.44567 0.878906
