0 0.485703 0.154785 0.491422 0.104004 0.590278 0.120605 0.584559 0.171387
0 0.267974 0.217773 0.336193 0.149414 0.370915 0.199707 0.302696 0.267578
1 0.695261 0.260742 0.737745 0.223145 0.777369 0.287109 0.734477 0.324707
1 0.178922 0.525879 0.188317 0.387207 0.231209 0.391602 0.221405 0.530273
1 0.783497 0.548828 0.785539 0.476074 0.814542 0.477051 0.812908 0.549805
1 0.781863 0.533691 0.809232 0.533691 0.809232 0.578613 0.781863 0.578613
1 0.773284 0.564941 0.809232 0.564941 0.809232 0.604492 0.773284 0.604492
1 0.213235 0.686035 0.255719 0.646484 0.314542 0.736328 0.272059 0.775879
0 0.604167 0.804688 0.725899 0.693359 0.75817 0.743164 0.636029 0.854492
1 0.479575 0.826172 0.54085 0.826172 0.54085 0.873047 0.479575 0.873047
