1 0.541258 0.175293 0.560049 0.120117 0.671569 0.17334 0.653186 0.228516
1 0.337827 0.152344 0.403595 0.131348 0.418301 0.197266 0.352533 0.218262
1 0.724265 0.284668 0.76348 0.284668 0.76348 0.351562 0.724265 0.351562
1 0.737337 0.313965 0.784314 0.313965 0.784314 0.371094 0.737337 0.371094
0 0.174428 0.421875 0.212418 0.299316 0.259395 0.320312 0.221405 0.442383
1 0.753676 0.363281 0.800654 0.363281 0.800654 0.419434 0.753676 0.419434
1 0.752451 0.394531 0.800245 0.37793 0.817402 0.447754 0.769608 0.464355
1 0.757353 0.617188 0.770425 0.539062 0.814542 0.549316 0.801471 0.62793
0 0.181781 0.607422 0.229575 0.587402 0.256944 0.680176 0.20915 0.700195
1 0.564134 0.829102 0.636029 0.788574 0.65482 0.835938 0.582925 0.876465
1 0.32884 0.838379 0.342729 0.790039 0.449346 0.834473 0.435458 0.882324
