0 0.475899 0.161133 0.478758 0.106934 0.558007 0.113281 0.554739 0.16748
1 0.236928 0.268066 0.333742 0.156738 0.364379 0.194824 0.267974 0.306152
0 0.667075 0.222656 0.705474 0.183105 0.779003 0.284668 0.740605 0.324707
1 0.176879 0.426758 0.227533 0.426758 0.227533 0.529785 0.176879 0.529785
1 0.780229 0.47998 0.823938 0.47998 0.823938 0.521973 0.780229 0.521973
1 0.779003 0.505371 0.821895 0.505371 0.821895 0.54541 0.779003 0.54541
1 0.22549 0.708984 0.246732 0.684082 0.300654 0.75 0.279412 0.774902
1 0.63848 0.787109 0.731209 0.69043 0.763889 0.73584 0.671569 0.832031
1 0.272876 0.766602 0.302288 0.727051 0.361928 0.790039 0.332516 0.82959
0 0.41299 0.869141 0.416258 0.816406 0.561275 0.82959 0.557598 0.882812
