1 0.340278 0.152832 0.444036 0.0927734 0.465278 0.144531 0.36152 0.20459
1 0.549428 0.16748 0.566585 0.117676 0.683415 0.175781 0.666258 0.225098
0 0.73366 0.331055 0.787173 0.314941 0.808824 0.418457 0.754902 0.43457
1 0.176879 0.424316 0.188317 0.351562 0.229575 0.36084 0.218137 0.433594
1 0.167484 0.526367 0.212827 0.515137 0.225899 0.593262 0.180964 0.604492
0 0.169935 0.571777 0.218546 0.553223 0.247549 0.660645 0.198938 0.679688
0 0.714461 0.697266 0.756536 0.575195 0.805964 0.599609 0.763889 0.72168
1 0.212827 0.637695 0.247958 0.637695 0.247958 0.694824 0.212827 0.694824
1 0.295752 0.812988 0.316993 0.758789 0.424837 0.819336 0.403595 0.873535
1 0.54902 0.808594 0.615196 0.790039 0.628268 0.856445 0.562092 0.875
