1 0.595588 0.168945 0.617647 0.123535 0.680556 0.166992 0.658497 0.212891
1 0.314542 0.170898 0.390931 0.129883 0.411356 0.184082 0.334967 0.225098
1 0.713235 0.236816 0.755719 0.231934 0.761438 0.30127 0.718954 0.306152
1 0.721814 0.273926 0.765523 0.246094 0.811275 0.348633 0.767974 0.376465
1 0.764297 0.393555 0.772467 0.348633 0.814542 0.359375 0.806373 0.404297
1 0.185458 0.439453 0.221405 0.306152 0.264706 0.322754 0.229167 0.456055
1 0.758578 0.646973 0.786765 0.510254 0.832925 0.523438 0.80433 0.660156
1 0.204248 0.634766 0.250817 0.605469 0.290441 0.695312 0.244281 0.724609
1 0.611928 0.785156 0.675654 0.754883 0.697304 0.818848 0.633578 0.849121
1 0.370507 0.842773 0.382353 0.790527 0.482435 0.822754 0.470588 0.875
