0 0.378268 0.137695 0.458742 0.112793 0.470997 0.169922 0.390523 0.194824
0 0.591503 0.180664 0.61683 0.127441 0.71201 0.191895 0.686683 0.245117
1 0.216912 0.337402 0.246324 0.257324 0.289624 0.280273 0.260212 0.359863
1 0.21732 0.320312 0.256127 0.320312 0.256127 0.372559 0.21732 0.372559
1 0.208333 0.353027 0.241422 0.353027 0.241422 0.393555 0.208333 0.393555
1 0.765523 0.374512 0.808415 0.364258 0.815768 0.406738 0.772876 0.416992
1 0.771242 0.399902 0.814134 0.392578 0.819036 0.430176 0.776144 0.437988
1 0.196487 0.553711 0.22835 0.553711 0.22835 0.588867 0.196487 0.588867
1 0.723039 0.729492 0.729167 0.691406 0.76634 0.700195 0.759804 0.738281
1 0.364788 0.84668 0.379493 0.794434 0.441993 0.819336 0.427288 0.871582
0 0.506536 0.82959 0.64951 0.791992 0.659722 0.848145 0.516748 0.885742
