1 0.502451 0.161133 0.510212 0.112305 0.627859 0.140625 0.620098 0.188965
1 0.295752 0.187988 0.373775 0.137207 0.399918 0.193848 0.321487 0.244629
0 0.716503 0.28418 0.752859 0.259277 0.792075 0.341797 0.755719 0.366699
1 0.180964 0.432617 0.220997 0.432617 0.220997 0.476562 0.180964 0.476562
1 0.178922 0.447266 0.219771 0.447266 0.219771 0.507812 0.178922 0.507812
0 0.755719 0.640137 0.778186 0.52002 0.823121 0.531738 0.800654 0.652344
1 0.197712 0.601074 0.237337 0.601074 0.237337 0.643555 0.197712 0.643555
1 0.191176 0.655273 0.240196 0.615723 0.3125 0.744629 0.26348 0.78418
1 0.608252 0.796875 0.67116 0.759766 0.695261 0.817383 0.632761 0.85498
1 0.364379 0.855469 0.375817 0.801758 0.489788 0.835449 0.47835 0.889648
