0 0.488154 0.161133 0.501634 0.103027 0.648284 0.151855 0.634804 0.209961
1 0.279003 0.191406 0.383987 0.125977 0.408088 0.181152 0.303105 0.246582
1 0.670752 0.239746 0.70098 0.207031 0.778595 0.309082 0.748775 0.341797
1 0.177696 0.408203 0.183415 0.365723 0.229984 0.375 0.224265 0.41748
1 0.173611 0.431641 0.178513 0.392578 0.223448 0.400879 0.218137 0.439941
1 0.756944 0.600586 0.760621 0.564941 0.800654 0.571289 0.796977 0.606445
1 0.745098 0.631836 0.751634 0.586914 0.796977 0.595703 0.79085 0.640625
1 0.191993 0.620605 0.235703 0.617188 0.237745 0.65918 0.194036 0.662598
1 0.199755 0.635742 0.246732 0.635742 0.246732 0.695312 0.199755 0.695312
1 0.197712 0.675781 0.246732 0.643066 0.281454 0.717285 0.232435 0.75
1 0.572304 0.821289 0.683824 0.745117 0.704248 0.787598 0.592729 0.86377
0 0.364788 0.857422 0.376634 0.80127 0.457108 0.825684 0.445261 0.881348
