0 0.364379 0.144531 0.463235 0.116699 0.473448 0.167969 0.374592 0.195801
1 0.602124 0.211426 0.625817 0.146973 0.689542 0.180176 0.66585 0.244629
1 0.191993 0.347168 0.23366 0.254883 0.283905 0.287109 0.242647 0.379883
1 0.758578 0.364746 0.783905 0.356445 0.794935 0.405273 0.770016 0.413574
1 0.760212 0.439941 0.781454 0.404785 0.814134 0.433105 0.792892 0.46875
1 0.772059 0.440918 0.810458 0.440918 0.810458 0.48291 0.772059 0.48291
1 0.168709 0.537109 0.213235 0.522949 0.24469 0.662598 0.200163 0.677246
1 0.751634 0.603516 0.792892 0.603516 0.792892 0.657227 0.751634 0.657227
0 0.680556 0.749023 0.757353 0.609375 0.802696 0.644531 0.725899 0.784668
1 0.294118 0.810059 0.31781 0.76123 0.38317 0.806641 0.359069 0.855469
1 0.573121 0.822754 0.636438 0.791016 0.652778 0.837402 0.589461 0.869141
