1 0.57598 0.194824 0.591503 0.129883 0.65768 0.152344 0.642157 0.217285
1 0.323529 0.174316 0.435049 0.121094 0.453431 0.176758 0.34232 0.22998
1 0.227533 0.344727 0.238154 0.283691 0.273284 0.29248 0.262663 0.353516
1 0.731618 0.315918 0.785131 0.290039 0.829657 0.419922 0.776144 0.445801
1 0.190768 0.422852 0.220997 0.310059 0.261029 0.325684 0.230801 0.437988
1 0.1875 0.456055 0.192402 0.402832 0.234069 0.408691 0.229167 0.461426
1 0.186683 0.553223 0.227124 0.545898 0.237337 0.625488 0.196895 0.632812
1 0.740605 0.676758 0.770016 0.58252 0.82067 0.605469 0.791258 0.699219
1 0.343546 0.844727 0.359477 0.79248 0.436275 0.825684 0.420343 0.87793
1 0.546977 0.835449 0.656863 0.790039 0.671977 0.841309 0.561683 0.886719
