0 0.416667 0.125 0.497549 0.113281 0.503676 0.170898 0.422794 0.183105
0 0.620098 0.205078 0.650735 0.154785 0.740605 0.232422 0.709967 0.283203
1 0.202206 0.338379 0.283905 0.201172 0.323938 0.235352 0.242239 0.372559
1 0.772059 0.431152 0.810866 0.424805 0.814951 0.458496 0.776144 0.464844
1 0.77451 0.454102 0.815359 0.450195 0.817402 0.48584 0.776961 0.489258
1 0.176879 0.499512 0.225899 0.499512 0.225899 0.577148 0.176879 0.577148
1 0.18219 0.544434 0.229575 0.544434 0.229575 0.598145 0.18219 0.598145
1 0.695261 0.739258 0.724265 0.739258 0.724265 0.776367 0.695261 0.776367
1 0.313317 0.83252 0.334967 0.771484 0.40768 0.807617 0.386029 0.869141
0 0.461601 0.835938 0.604575 0.817383 0.609069 0.870117 0.466503 0.888672
