1 0.443219 0.175293 0.444036 0.123535 0.555556 0.126465 0.554739 0.178223
0 0.63317 0.219238 0.668301 0.17334 0.760212 0.274902 0.724673 0.320312
1 0.241422 0.253418 0.29616 0.196289 0.333333 0.24707 0.278595 0.304199
1 0.721814 0.288574 0.765523 0.288574 0.765523 0.337402 0.721814 0.337402
1 0.775327 0.451172 0.809641 0.451172 0.809641 0.488281 0.775327 0.488281
0 0.171569 0.563477 0.173611 0.439941 0.221405 0.441406 0.218954 0.564941
1 0.695261 0.728027 0.729167 0.717773 0.738971 0.765137 0.705065 0.775391
1 0.229984 0.737305 0.264297 0.696289 0.329248 0.773926 0.294935 0.814941
1 0.676879 0.771484 0.696078 0.76709 0.700163 0.791016 0.680964 0.79541
1 0.443627 0.841309 0.553105 0.836914 0.55433 0.884766 0.444853 0.88916
