0 0.329657 0.153809 0.428513 0.109863 0.446078 0.16748 0.347631 0.210938
1 0.573938 0.185059 0.592729 0.117188 0.661356 0.144531 0.642565 0.212402
1 0.729575 0.308105 0.776961 0.282227 0.805556 0.357422 0.75817 0.383301
0 0.180964 0.390137 0.209967 0.286133 0.267974 0.30957 0.238971 0.413086
1 0.760212 0.355469 0.807598 0.355469 0.807598 0.40918 0.760212 0.40918
1 0.764297 0.378906 0.814134 0.378906 0.814134 0.437012 0.764297 0.437012
1 0.769199 0.550781 0.808415 0.550781 0.808415 0.599609 0.769199 0.599609
1 0.177696 0.580078 0.224673 0.556641 0.272059 0.692871 0.225082 0.716309
0 0.70915 0.710449 0.767565 0.571777 0.816176 0.601074 0.757761 0.739746
1 0.327206 0.832031 0.344363 0.773926 0.426879 0.808594 0.409314 0.866699
1 0.547794 0.844238 0.672794 0.752441 0.697304 0.800293 0.572712 0.89209
