1 0.406046 0.123047 0.470588 0.112305 0.476716 0.163574 0.412173 0.174805
1 0.545343 0.160645 0.563725 0.105469 0.703023 0.171875 0.684232 0.227051
1 0.737745 0.305664 0.782271 0.279297 0.814134 0.355957 0.769608 0.382812
1 0.203023 0.367676 0.216503 0.302246 0.26348 0.316406 0.25 0.381348
1 0.203431 0.341309 0.245915 0.341309 0.245915 0.390625 0.203431 0.390625
1 0.754085 0.348145 0.805556 0.327637 0.832108 0.42334 0.780637 0.443848
1 0.187092 0.556641 0.231618 0.538086 0.269199 0.669434 0.224673 0.6875
1 0.742647 0.660645 0.767157 0.583008 0.820261 0.606934 0.795752 0.684082
1 0.341503 0.827637 0.35866 0.775879 0.435458 0.8125 0.417892 0.864258
1 0.561275 0.819824 0.65768 0.77832 0.672794 0.828613 0.576389 0.869629
