1 0.35335 0.151367 0.499183 0.104492 0.512255 0.161133 0.366422 0.208008
1 0.593954 0.180664 0.615605 0.12793 0.72018 0.19043 0.698121 0.242676
1 0.215686 0.319824 0.295343 0.207031 0.329248 0.241211 0.249592 0.354004
1 0.770833 0.374512 0.816585 0.365234 0.822304 0.407715 0.776961 0.416992
1 0.776961 0.398926 0.823121 0.393066 0.826797 0.434082 0.780637 0.44043
1 0.20098 0.570312 0.240196 0.56543 0.243056 0.601074 0.204248 0.605957
1 0.204657 0.592285 0.251225 0.588867 0.254085 0.635742 0.207108 0.63916
1 0.76348 0.618652 0.808415 0.618652 0.808415 0.662598 0.76348 0.662598
1 0.752859 0.710449 0.756944 0.635742 0.797386 0.638672 0.793301 0.713379
1 0.295343 0.788086 0.315768 0.744629 0.428922 0.820801 0.408497 0.864258
1 0.542892 0.824707 0.623775 0.800293 0.636029 0.859375 0.555147 0.883301
