1 0.533497 0.160645 0.54902 0.104492 0.661765 0.149414 0.645833 0.205566
1 0.326797 0.141113 0.397059 0.120117 0.412173 0.192383 0.341912 0.213379
1 0.723856 0.263672 0.754902 0.263672 0.754902 0.30957 0.723856 0.30957
1 0.738154 0.29248 0.776961 0.29248 0.776961 0.34082 0.738154 0.34082
1 0.754085 0.342773 0.792075 0.339355 0.794935 0.378906 0.756536 0.382324
0 0.174837 0.425293 0.20915 0.300781 0.254493 0.318848 0.22018 0.442871
1 0.766748 0.388184 0.803922 0.384766 0.805964 0.418457 0.768791 0.421387
1 0.770016 0.54834 0.80719 0.54834 0.80719 0.59375 0.770016 0.59375
0 0.183415 0.605469 0.23652 0.581055 0.267974 0.680176 0.215278 0.704102
1 0.57884 0.807129 0.64951 0.764648 0.671977 0.817871 0.600899 0.860352
1 0.34232 0.834961 0.354167 0.784668 0.464052 0.821289 0.452614 0.871582
