1 0.555964 0.166016 0.572712 0.112305 0.669935 0.155273 0.653186 0.209473
1 0.340278 0.144531 0.407271 0.120117 0.42402 0.186523 0.357435 0.210938
1 0.196078 0.360352 0.227941 0.284668 0.270833 0.310547 0.239379 0.38623
0 0.734886 0.312988 0.785131 0.289062 0.816993 0.386719 0.767157 0.410645
1 0.176062 0.425781 0.203431 0.326172 0.256944 0.347168 0.229984 0.446777
1 0.193627 0.55127 0.230801 0.55127 0.230801 0.602051 0.193627 0.602051
1 0.727533 0.6875 0.778186 0.556152 0.823938 0.581543 0.773284 0.712891
1 0.188725 0.598633 0.233252 0.576172 0.269608 0.677246 0.225082 0.700195
1 0.236928 0.654297 0.273693 0.654297 0.273693 0.719727 0.236928 0.719727
1 0.312908 0.800293 0.330065 0.763184 0.385212 0.800293 0.368056 0.836914
1 0.574755 0.812988 0.654412 0.774414 0.672794 0.828613 0.593137 0.867188
