1 0.341912 0.152832 0.40768 0.129395 0.42402 0.194824 0.35866 0.218262
1 0.547794 0.175781 0.566585 0.120605 0.678105 0.175781 0.658905 0.230469
1 0.735294 0.294922 0.761029 0.294922 0.761029 0.332031 0.735294 0.332031
0 0.174837 0.41748 0.215278 0.293457 0.265523 0.316895 0.225082 0.440918
1 0.763072 0.410156 0.767157 0.370117 0.801062 0.375 0.796569 0.415527
1 0.772467 0.416992 0.809232 0.416992 0.809232 0.454102 0.772467 0.454102
1 0.761438 0.624023 0.77165 0.544922 0.815359 0.552734 0.805147 0.631836
0 0.180147 0.601074 0.234886 0.581055 0.260212 0.681152 0.205882 0.701172
1 0.564134 0.828613 0.639297 0.79248 0.656863 0.84375 0.581291 0.879883
1 0.32884 0.840332 0.343546 0.789062 0.452206 0.834473 0.437092 0.885254
