0 0.397059 0.123047 0.477941 0.112305 0.48366 0.17041 0.402369 0.181152
0 0.600899 0.202637 0.629902 0.15332 0.719771 0.229004 0.690359 0.27832
1 0.183415 0.337402 0.265114 0.200684 0.305147 0.235352 0.223448 0.371582
1 0.755719 0.423828 0.794118 0.423828 0.794118 0.458984 0.755719 0.458984
1 0.756127 0.449219 0.796977 0.446777 0.798611 0.483398 0.757761 0.48584
1 0.160539 0.496094 0.203023 0.496094 0.203023 0.542969 0.160539 0.542969
1 0.160131 0.520508 0.208742 0.520508 0.208742 0.586426 0.160131 0.586426
1 0.165033 0.552246 0.210784 0.552246 0.210784 0.603516 0.165033 0.603516
1 0.656863 0.757324 0.734886 0.642578 0.775735 0.682617 0.697712 0.796875
1 0.292892 0.820312 0.319036 0.765625 0.386438 0.812012 0.360294 0.866211
0 0.444444 0.833496 0.587827 0.814941 0.59232 0.868652 0.449346 0.887207
