1 0.364788 0.147461 0.475899 0.111816 0.487337 0.162598 0.376225 0.19873
1 0.61152 0.20166 0.632353 0.143066 0.69567 0.175293 0.674837 0.233887
1 0.216912 0.312988 0.270016 0.227539 0.311683 0.264648 0.25817 0.350098
1 0.212827 0.308594 0.257761 0.308594 0.257761 0.371094 0.212827 0.371094
1 0.203023 0.36377 0.240196 0.36377 0.240196 0.403809 0.203023 0.403809
1 0.757353 0.352051 0.803922 0.338379 0.830065 0.463379 0.783497 0.477051
1 0.185866 0.505859 0.223856 0.503906 0.229575 0.64502 0.191585 0.646973
1 0.726716 0.703613 0.765931 0.625488 0.802288 0.651367 0.763072 0.729492
1 0.308824 0.807129 0.331699 0.760254 0.403595 0.811035 0.38031 0.85791
1 0.51348 0.837402 0.622549 0.811035 0.63031 0.855957 0.521242 0.882324
