1 0.341912 0.152344 0.451797 0.111816 0.465686 0.166016 0.356209 0.207031
0 0.547794 0.169922 0.571895 0.11084 0.711601 0.192871 0.6875 0.251953
1 0.207516 0.351562 0.212418 0.300781 0.259395 0.307129 0.254493 0.35791
1 0.734477 0.311523 0.764706 0.293457 0.790033 0.353516 0.759395 0.371582
1 0.200572 0.370117 0.206291 0.322754 0.250817 0.330078 0.245098 0.37793
1 0.172794 0.558105 0.223448 0.540039 0.256127 0.668945 0.205065 0.687012
1 0.746732 0.654785 0.753268 0.606445 0.799837 0.615723 0.792892 0.664062
1 0.732843 0.70166 0.735703 0.653809 0.779003 0.657715 0.775735 0.705566
0 0.314542 0.824219 0.335784 0.768555 0.413399 0.811035 0.392157 0.866699
1 0.52451 0.833008 0.648284 0.786133 0.661356 0.835938 0.537582 0.882324
