1 0.382761 0.12793 0.450163 0.111816 0.461601 0.181152 0.394199 0.197266
1 0.583742 0.183594 0.60866 0.128418 0.715686 0.197266 0.690768 0.252441
0 0.186683 0.368652 0.243873 0.244141 0.294526 0.277344 0.237337 0.401855
1 0.752451 0.322754 0.789624 0.322754 0.789624 0.381836 0.752451 0.381836
0 0.755719 0.358398 0.801879 0.345703 0.822304 0.452637 0.776144 0.465332
1 0.766748 0.429688 0.816585 0.418945 0.827614 0.494629 0.778186 0.505371
0 0.177696 0.548828 0.229167 0.535645 0.247549 0.637695 0.196487 0.651367
1 0.759395 0.623047 0.791667 0.623047 0.791667 0.655762 0.759395 0.655762
1 0.288807 0.799316 0.309232 0.750977 0.421977 0.818359 0.401552 0.866699
1 0.535539 0.823242 0.613971 0.803223 0.624592 0.862793 0.545752 0.882324
