1 0.511438 0.163086 0.523693 0.109375 0.636029 0.146484 0.623775 0.200195
1 0.302288 0.166504 0.372549 0.138184 0.392565 0.210449 0.322304 0.23877
1 0.711193 0.254883 0.736928 0.254883 0.736928 0.283203 0.711193 0.283203
1 0.705882 0.315918 0.71732 0.26416 0.77165 0.28125 0.760621 0.333008
1 0.746732 0.320312 0.786356 0.320312 0.786356 0.367188 0.746732 0.367188
1 0.759804 0.367676 0.796977 0.36377 0.799837 0.401855 0.762663 0.405762
0 0.17116 0.467773 0.196078 0.338867 0.24183 0.351562 0.216912 0.480469
1 0.779003 0.537598 0.807598 0.537598 0.807598 0.567871 0.779003 0.567871
0 0.190768 0.647949 0.238562 0.616211 0.281863 0.708496 0.23366 0.740723
1 0.599673 0.810059 0.668709 0.758789 0.693219 0.806152 0.624183 0.857422
1 0.365605 0.856445 0.374183 0.807129 0.487745 0.835449 0.479167 0.884766
