0 0.417484 0.125977 0.497549 0.114746 0.502859 0.170898 0.423203 0.181641
0 0.621732 0.205078 0.651144 0.15625 0.739379 0.231934 0.710376 0.280762
1 0.202206 0.337891 0.283497 0.205566 0.322304 0.239746 0.241013 0.371582
1 0.77165 0.430176 0.812092 0.424316 0.815768 0.459961 0.775327 0.46582
1 0.774101 0.452637 0.816176 0.449219 0.818219 0.486328 0.776144 0.489746
1 0.174428 0.501953 0.224673 0.495605 0.233252 0.59668 0.183007 0.603027
1 0.717729 0.722656 0.742239 0.649902 0.783905 0.67041 0.758987 0.742676
1 0.674837 0.762207 0.726716 0.680176 0.771242 0.720703 0.719363 0.802734
1 0.314951 0.831055 0.335376 0.773438 0.406863 0.810059 0.386846 0.867188
0 0.460784 0.836914 0.604167 0.817383 0.609477 0.870117 0.466095 0.889648
