1 0.497141 0.169922 0.503268 0.11377 0.582925 0.126465 0.576797 0.182617
1 0.262663 0.232422 0.347222 0.157715 0.376225 0.20459 0.291258 0.279297
1 0.676879 0.235352 0.716503 0.20166 0.797794 0.337402 0.757761 0.371582
1 0.185866 0.458496 0.189134 0.425293 0.227124 0.431152 0.223448 0.464355
1 0.18219 0.486328 0.184232 0.44873 0.226307 0.452148 0.224265 0.489746
1 0.769608 0.592285 0.77982 0.49707 0.825572 0.504395 0.815359 0.599121
1 0.216912 0.672363 0.253676 0.651367 0.280229 0.717773 0.243464 0.73877
1 0.254902 0.707031 0.285131 0.699707 0.294118 0.754395 0.26348 0.76123
1 0.268791 0.730469 0.309641 0.730469 0.309641 0.781738 0.268791 0.781738
1 0.597222 0.81543 0.661765 0.769043 0.6875 0.820312 0.622958 0.866699
1 0.390931 0.870605 0.396242 0.816895 0.539216 0.836914 0.533905 0.890137
