1 0.364788 0.143555 0.488562 0.11377 0.496732 0.161133 0.372549 0.190918
1 0.603758 0.190918 0.627042 0.140137 0.704248 0.191406 0.680556 0.242188
0 0.206291 0.337402 0.247958 0.258301 0.286356 0.287598 0.24469 0.366211
1 0.778186 0.432129 0.817402 0.428223 0.822304 0.504883 0.783088 0.508789
1 0.177288 0.528809 0.223039 0.518066 0.243464 0.63916 0.198121 0.649902
1 0.759395 0.639648 0.766748 0.59668 0.807598 0.606445 0.800245 0.649414
1 0.760212 0.625977 0.77982 0.625977 0.77982 0.656738 0.760212 0.656738
1 0.689542 0.743164 0.762663 0.614258 0.809641 0.652344 0.736111 0.78125
1 0.30719 0.814453 0.328431 0.763184 0.388889 0.799316 0.367239 0.850586
1 0.512255 0.836914 0.624183 0.801758 0.636029 0.854492 0.523693 0.889648
