0 0.330474 0.155762 0.427696 0.112305 0.444444 0.166016 0.347222 0.209473
1 0.574755 0.181641 0.594363 0.119141 0.661356 0.148926 0.641748 0.211914
1 0.72835 0.306641 0.778186 0.281738 0.810458 0.374023 0.760212 0.398926
0 0.179739 0.38623 0.214461 0.286621 0.268791 0.313477 0.234069 0.413086
1 0.753268 0.35498 0.804739 0.342285 0.819444 0.430176 0.767974 0.442383
1 0.770016 0.552246 0.80719 0.552246 0.80719 0.599121 0.770016 0.599121
1 0.176062 0.580566 0.223448 0.555664 0.273284 0.691895 0.225899 0.716797
0 0.728758 0.680176 0.76634 0.575195 0.812908 0.599121 0.775735 0.704102
1 0.725899 0.654297 0.762663 0.654297 0.762663 0.719727 0.725899 0.719727
1 0.328431 0.828125 0.346814 0.773926 0.426062 0.812988 0.40768 0.866699
1 0.54902 0.845703 0.673203 0.752441 0.697304 0.798828 0.573121 0.891602
