1 0.353758 0.14502 0.42402 0.129883 0.435049 0.202148 0.364788 0.217285
1 0.560049 0.179199 0.579248 0.126953 0.687908 0.184082 0.668301 0.236328
1 0.739379 0.296875 0.776552 0.296875 0.776552 0.356934 0.739379 0.356934
1 0.749183 0.32666 0.79616 0.32666 0.79616 0.383301 0.749183 0.383301
0 0.180147 0.415527 0.224265 0.286621 0.277369 0.312988 0.233252 0.441895
1 0.762255 0.381836 0.805147 0.371582 0.816993 0.441895 0.774101 0.452148
1 0.77451 0.419434 0.818627 0.419434 0.818627 0.468262 0.77451 0.468262
1 0.772059 0.592773 0.806373 0.592773 0.806373 0.629883 0.772059 0.629883
0 0.183007 0.596191 0.238971 0.575195 0.26634 0.679199 0.210376 0.700195
1 0.32884 0.840332 0.344771 0.786621 0.455474 0.83252 0.439951 0.886719
1 0.5625 0.829102 0.642157 0.793457 0.660131 0.850586 0.580474 0.88623
