1 0.519608 0.166016 0.533088 0.112793 0.644608 0.15332 0.630719 0.206543
1 0.311275 0.166992 0.375817 0.13916 0.395016 0.202148 0.330474 0.22998
1 0.691993 0.274414 0.73366 0.237793 0.784722 0.321289 0.743056 0.35791
1 0.74469 0.329102 0.789624 0.329102 0.789624 0.382812 0.74469 0.382812
0 0.17116 0.44873 0.198529 0.328613 0.242239 0.342773 0.214869 0.462891
1 0.760212 0.376465 0.799837 0.376465 0.799837 0.418457 0.760212 0.418457
1 0.763072 0.588867 0.772059 0.506348 0.816176 0.513184 0.80719 0.595703
0 0.184641 0.638184 0.230392 0.607422 0.272467 0.696777 0.227124 0.727539
1 0.58701 0.816895 0.659722 0.769043 0.681781 0.816895 0.609069 0.864258
1 0.35335 0.850098 0.363562 0.803711 0.472631 0.838379 0.462418 0.884766
