1 0.342729 0.152832 0.451389 0.114258 0.464052 0.165527 0.355392 0.20459
0 0.54902 0.168945 0.572304 0.112305 0.710784 0.193848 0.6875 0.250488
1 0.206699 0.300781 0.259395 0.300781 0.259395 0.359375 0.206699 0.359375
1 0.733252 0.307129 0.765523 0.289551 0.790441 0.35498 0.75817 0.372559
1 0.199755 0.371094 0.205882 0.320801 0.251634 0.328613 0.245915 0.378906
0 0.174837 0.559082 0.222631 0.541992 0.254085 0.665527 0.206291 0.683105
1 0.747141 0.65332 0.754493 0.606445 0.799428 0.616699 0.792075 0.663574
1 0.732026 0.701172 0.735703 0.652344 0.77982 0.657227 0.775735 0.706055
0 0.316176 0.822754 0.336601 0.770508 0.411765 0.812988 0.39134 0.864746
1 0.524918 0.836914 0.647059 0.785645 0.660539 0.83252 0.538807 0.883789
