0 0.397059 0.124023 0.477533 0.113281 0.482843 0.169922 0.402369 0.180664
0 0.601716 0.202148 0.629493 0.154785 0.717729 0.228027 0.689951 0.275879
1 0.184641 0.336426 0.265523 0.202148 0.30433 0.235352 0.223039 0.369629
1 0.754493 0.42334 0.794526 0.42334 0.794526 0.460449 0.754493 0.460449
1 0.755719 0.449219 0.796977 0.446777 0.798611 0.48291 0.757353 0.485352
1 0.159314 0.494629 0.203431 0.494629 0.203431 0.543945 0.159314 0.543945
1 0.155229 0.521973 0.206699 0.512695 0.21732 0.601074 0.166258 0.609863
1 0.656863 0.757812 0.735294 0.64209 0.776144 0.681152 0.697304 0.797363
1 0.294935 0.819824 0.319853 0.768066 0.385621 0.812988 0.360703 0.864746
0 0.443627 0.834473 0.587418 0.814941 0.592729 0.868164 0.448938 0.888184
