0 0.396242 0.208984 0.491013 0.184082 0.500817 0.236328 0.405637 0.26123
1 0.587827 0.26709 0.613971 0.216797 0.667075 0.256348 0.640523 0.306641
0 0.262663 0.371094 0.299837 0.282715 0.342729 0.308594 0.305964 0.396484
1 0.698529 0.392578 0.750408 0.384277 0.763072 0.498047 0.711193 0.506348
1 0.236928 0.42334 0.287582 0.42334 0.287582 0.484375 0.236928 0.484375
1 0.231618 0.487793 0.277369 0.477051 0.301062 0.621582 0.25531 0.632324
1 0.693219 0.629883 0.704248 0.575684 0.743464 0.587402 0.732026 0.641602
0 0.626634 0.709473 0.70384 0.583984 0.747549 0.622559 0.670343 0.748047
1 0.322712 0.729004 0.347222 0.689941 0.399101 0.736328 0.374183 0.775391
1 0.537173 0.760742 0.597631 0.730957 0.613971 0.777832 0.553513 0.807617
