1 0.46732 0.228516 0.471814 0.178223 0.559232 0.189453 0.554739 0.239746
1 0.311683 0.23877 0.368873 0.23877 0.368873 0.304199 0.311683 0.304199
0 0.597222 0.254883 0.635212 0.213379 0.722222 0.328125 0.684232 0.369629
1 0.683415 0.339844 0.696895 0.339844 0.696895 0.356934 0.683415 0.356934
1 0.681781 0.341309 0.722631 0.336914 0.725899 0.379395 0.685049 0.383789
0 0.231618 0.527832 0.237337 0.409668 0.282271 0.412598 0.276552 0.530762
1 0.712827 0.458008 0.748366 0.458008 0.748366 0.493164 0.712827 0.493164
1 0.714052 0.480469 0.747958 0.480469 0.747958 0.51123 0.714052 0.51123
0 0.261846 0.657715 0.29902 0.616211 0.359886 0.693359 0.323121 0.734863
1 0.605801 0.713379 0.656863 0.66748 0.683007 0.708984 0.631944 0.754883
1 0.418301 0.794922 0.420752 0.746094 0.525735 0.753418 0.523284 0.802246
