1 0.394608 0.225098 0.45098 0.206055 0.461601 0.249023 0.40482 0.268066
1 0.54616 0.25 0.5625 0.200684 0.656454 0.245605 0.640523 0.294434
1 0.256944 0.425781 0.265114 0.379395 0.308824 0.390625 0.300245 0.437012
1 0.252042 0.443848 0.261029 0.396973 0.302696 0.408691 0.293709 0.455566
1 0.250408 0.527344 0.287582 0.527344 0.287582 0.560059 0.250408 0.560059
1 0.269199 0.549316 0.288807 0.549316 0.288807 0.573242 0.269199 0.573242
1 0.255719 0.5625 0.29616 0.5625 0.29616 0.602051 0.255719 0.602051
1 0.267565 0.60498 0.307598 0.60498 0.307598 0.647461 0.267565 0.647461
1 0.290033 0.625488 0.315359 0.623535 0.31781 0.671875 0.292484 0.673828
1 0.349265 0.762695 0.370507 0.712402 0.454248 0.762207 0.433007 0.812988
1 0.552288 0.754883 0.606618 0.741211 0.61683 0.799316 0.5625 0.812988
