0 0.371732 0.228516 0.501225 0.188965 0.513072 0.243164 0.38317 0.283203
1 0.553105 0.256348 0.569853 0.204102 0.631944 0.232422 0.615605 0.28418
1 0.291258 0.374023 0.295343 0.313965 0.330474 0.317383 0.32598 0.377441
1 0.259395 0.405273 0.28268 0.331543 0.322712 0.349609 0.299428 0.42334
1 0.705882 0.409668 0.747549 0.402344 0.752451 0.441895 0.710376 0.44873
1 0.713644 0.437012 0.75 0.433105 0.752451 0.463379 0.715686 0.467285
1 0.693219 0.645508 0.700572 0.610352 0.723039 0.617188 0.715686 0.651855
1 0.673611 0.692383 0.678105 0.623047 0.717729 0.626953 0.712827 0.696289
1 0.324346 0.746582 0.347222 0.697266 0.434232 0.754883 0.411356 0.804199
0 0.513889 0.76709 0.593137 0.744141 0.604575 0.799805 0.525327 0.822754
