1 0.395016 0.22998 0.446078 0.209961 0.456291 0.24707 0.405637 0.26709
1 0.548203 0.249023 0.563725 0.203613 0.658497 0.249512 0.642974 0.294922
1 0.261438 0.383301 0.30433 0.383301 0.30433 0.430176 0.261438 0.430176
1 0.251225 0.441895 0.262663 0.396973 0.303513 0.412109 0.291667 0.457031
1 0.250408 0.527344 0.286765 0.527344 0.286765 0.560059 0.250408 0.560059
1 0.270016 0.549805 0.287582 0.549805 0.287582 0.573242 0.270016 0.573242
1 0.253676 0.56543 0.293709 0.560059 0.297386 0.599609 0.257353 0.60498
1 0.266748 0.603027 0.307598 0.603027 0.307598 0.649414 0.266748 0.649414
1 0.288399 0.625977 0.313725 0.622559 0.318219 0.672852 0.293301 0.67627
1 0.351307 0.763184 0.370507 0.715332 0.452206 0.762207 0.433007 0.810059
1 0.556781 0.75293 0.609069 0.746582 0.613562 0.802246 0.561275 0.808594
