1 0.370098 0.198242 0.432598 0.181641 0.44567 0.250977 0.38317 0.267578
1 0.539216 0.234375 0.558824 0.178223 0.647059 0.222168 0.627042 0.27832
1 0.688725 0.337402 0.731618 0.337402 0.731618 0.396484 0.688725 0.396484
0 0.23366 0.423828 0.27451 0.306641 0.322712 0.330566 0.281454 0.447754
1 0.704248 0.379395 0.743464 0.379395 0.743464 0.449707 0.704248 0.449707
1 0.708742 0.419434 0.751634 0.419434 0.751634 0.468262 0.708742 0.468262
1 0.230392 0.440918 0.286765 0.440918 0.286765 0.528809 0.230392 0.528809
1 0.706291 0.540039 0.745915 0.540039 0.745915 0.582031 0.706291 0.582031
1 0.705065 0.59375 0.707925 0.566895 0.738154 0.571289 0.735703 0.598145
1 0.234069 0.552246 0.294118 0.533203 0.316585 0.635742 0.256536 0.654297
1 0.348448 0.753906 0.364379 0.703125 0.460376 0.746094 0.444444 0.796875
1 0.55719 0.727051 0.610703 0.721191 0.615196 0.779785 0.561683 0.785645
