1 0.35049 0.23877 0.410131 0.208496 0.428105 0.258301 0.368464 0.289062
1 0.557598 0.267578 0.575163 0.209961 0.637255 0.236816 0.61969 0.294434
0 0.22018 0.441406 0.294935 0.275391 0.34518 0.307617 0.270425 0.474121
1 0.689134 0.388184 0.720588 0.380859 0.726716 0.41748 0.695261 0.424805
1 0.697712 0.40918 0.732026 0.40918 0.732026 0.444336 0.697712 0.444336
1 0.700572 0.433105 0.73652 0.422363 0.743464 0.455566 0.707516 0.466309
1 0.225082 0.541992 0.276144 0.526367 0.300654 0.641113 0.25 0.657227
1 0.659314 0.675781 0.685866 0.580078 0.739788 0.601562 0.713235 0.697266
1 0.344363 0.776367 0.360294 0.71875 0.415441 0.740723 0.399101 0.79834
0 0.507353 0.765137 0.601716 0.733398 0.614788 0.787598 0.520425 0.819336
