0 0.363154 0.230957 0.455474 0.189453 0.472222 0.242676 0.379902 0.28418
1 0.567402 0.258789 0.582925 0.204102 0.633987 0.224609 0.618873 0.278809
1 0.703431 0.369629 0.74469 0.369629 0.74469 0.418457 0.703431 0.418457
1 0.696078 0.4375 0.716095 0.388184 0.766748 0.41748 0.746732 0.466797
1 0.720997 0.54541 0.747141 0.54541 0.747141 0.575684 0.720997 0.575684
1 0.704657 0.607422 0.714869 0.569336 0.752451 0.584473 0.74183 0.622559
1 0.696078 0.623047 0.716503 0.590332 0.74469 0.615234 0.724265 0.648438
1 0.693627 0.617676 0.732843 0.617676 0.732843 0.657227 0.693627 0.657227
1 0.675654 0.629883 0.714461 0.629883 0.714461 0.691406 0.675654 0.691406
1 0.579248 0.74707 0.640931 0.709961 0.658497 0.751953 0.596814 0.789062
1 0.371324 0.774414 0.38848 0.72168 0.444853 0.747559 0.427696 0.800293
