1 0.46732 0.229492 0.472222 0.178223 0.560049 0.189941 0.555556 0.240723
1 0.309641 0.23877 0.368464 0.23877 0.368464 0.304199 0.309641 0.304199
0 0.565359 0.245117 0.604984 0.189941 0.730801 0.318848 0.691176 0.374023
1 0.68219 0.334961 0.725082 0.334961 0.725082 0.384277 0.68219 0.384277
0 0.230392 0.526855 0.236111 0.408691 0.28268 0.412109 0.277369 0.529785
1 0.708333 0.445801 0.752859 0.445801 0.752859 0.499512 0.708333 0.499512
1 0.714461 0.480469 0.747141 0.480469 0.747141 0.51123 0.714461 0.51123
0 0.263889 0.657227 0.300245 0.618164 0.361928 0.699707 0.325163 0.73877
1 0.605392 0.713379 0.65768 0.667969 0.683007 0.709473 0.630719 0.754883
1 0.422794 0.794434 0.424837 0.74707 0.525327 0.753418 0.523284 0.80127
