1 0.556373 0.246582 0.569444 0.184082 0.628268 0.20166 0.615196 0.264648
1 0.355392 0.224609 0.441993 0.180664 0.460784 0.233398 0.373775 0.277344
1 0.675654 0.328613 0.727533 0.302246 0.771242 0.426758 0.719363 0.452637
1 0.23366 0.458496 0.287173 0.292969 0.338235 0.316406 0.285131 0.481934
1 0.71201 0.44043 0.770833 0.44043 0.770833 0.532715 0.71201 0.532715
1 0.251225 0.532715 0.297794 0.532715 0.297794 0.589844 0.251225 0.589844
1 0.260212 0.571289 0.292484 0.562988 0.297794 0.593262 0.265523 0.601074
1 0.690359 0.628906 0.713644 0.541016 0.760621 0.558594 0.737337 0.646484
1 0.539216 0.749512 0.629902 0.708008 0.645425 0.756348 0.554739 0.797852
1 0.39134 0.76416 0.399918 0.729004 0.441176 0.743164 0.432598 0.77832
