0 0.362745 0.228027 0.456699 0.187988 0.473856 0.245117 0.379902 0.285156
1 0.566176 0.264648 0.579657 0.201172 0.635212 0.218262 0.621732 0.28125
1 0.703431 0.370117 0.74469 0.370117 0.74469 0.419922 0.703431 0.419922
1 0.69567 0.4375 0.716503 0.387695 0.76634 0.417969 0.745507 0.467285
1 0.715686 0.580078 0.72018 0.538086 0.753676 0.542969 0.749592 0.584961
1 0.705474 0.609375 0.713235 0.571289 0.751225 0.58252 0.743464 0.620605
1 0.698938 0.631348 0.708333 0.593262 0.741422 0.60498 0.732026 0.643066
1 0.691993 0.647461 0.699346 0.616211 0.734477 0.628418 0.727124 0.659668
1 0.67402 0.630371 0.714869 0.628906 0.716503 0.692383 0.675654 0.693848
1 0.579248 0.744629 0.640931 0.710449 0.65768 0.754395 0.595997 0.788086
1 0.368056 0.776855 0.386846 0.716797 0.448121 0.744629 0.42933 0.804199
