1 0.370507 0.204102 0.429739 0.183105 0.444853 0.244629 0.385621 0.265625
1 0.540033 0.233398 0.559232 0.180176 0.646242 0.224609 0.627042 0.277832
1 0.681373 0.317871 0.707925 0.315918 0.710376 0.365234 0.683824 0.367188
0 0.686683 0.339355 0.726716 0.33252 0.734477 0.395996 0.694444 0.402832
0 0.234886 0.425293 0.27451 0.306641 0.321487 0.32959 0.281863 0.447754
1 0.693219 0.376953 0.737745 0.363281 0.758578 0.461914 0.713644 0.475098
1 0.229167 0.439453 0.289624 0.439453 0.289624 0.532227 0.229167 0.532227
1 0.699755 0.583984 0.704657 0.526367 0.753676 0.532227 0.748775 0.589844
1 0.234886 0.556152 0.289216 0.535156 0.315359 0.632324 0.261029 0.65332
1 0.348856 0.75293 0.364379 0.70459 0.459967 0.748047 0.444444 0.796387
1 0.55433 0.740234 0.602533 0.721191 0.615605 0.769043 0.56781 0.788086
