0 0.278595 0.312012 0.402369 0.1875 0.439134 0.239746 0.315359 0.364746
1 0.632353 0.288574 0.667892 0.249512 0.716912 0.312988 0.681373 0.352051
1 0.713235 0.396484 0.736928 0.396484 0.736928 0.437012 0.713235 0.437012
1 0.256127 0.411621 0.299837 0.411621 0.299837 0.458008 0.256127 0.458008
1 0.245098 0.49707 0.253268 0.421387 0.30719 0.430176 0.298611 0.505859
1 0.707925 0.559082 0.70915 0.416992 0.75531 0.41748 0.754493 0.55957
1 0.256944 0.480469 0.292892 0.480469 0.292892 0.515625 0.256944 0.515625
1 0.281454 0.635254 0.32067 0.597168 0.382761 0.688965 0.343546 0.727051
0 0.604984 0.703125 0.671977 0.634766 0.702206 0.676758 0.635212 0.745605
1 0.438317 0.778809 0.441176 0.724609 0.539216 0.731934 0.536356 0.786133
