0 0.280637 0.312988 0.399918 0.192383 0.434641 0.241699 0.315359 0.362305
1 0.633578 0.287598 0.668301 0.25 0.716095 0.3125 0.681373 0.350098
1 0.25531 0.44873 0.260212 0.409668 0.300654 0.416992 0.295752 0.456055
1 0.272059 0.440918 0.293301 0.440918 0.293301 0.470703 0.272059 0.470703
1 0.254902 0.454102 0.294526 0.454102 0.294526 0.491699 0.254902 0.491699
1 0.707516 0.558594 0.708742 0.418457 0.756536 0.418945 0.75531 0.559082
1 0.256127 0.480469 0.293301 0.480469 0.293301 0.515625 0.256127 0.515625
1 0.281046 0.63916 0.319444 0.599121 0.386438 0.691406 0.348039 0.731445
0 0.606209 0.704102 0.672386 0.635254 0.701389 0.675781 0.635212 0.744141
0 0.438725 0.77832 0.441585 0.726074 0.539216 0.733398 0.536356 0.785645
