0 0.312092 0.259277 0.449346 0.175781 0.47549 0.236816 0.338235 0.320801
1 0.263072 0.404785 0.267565 0.35498 0.312092 0.36084 0.307598 0.410645
1 0.280229 0.390625 0.297794 0.390625 0.297794 0.414551 0.280229 0.414551
1 0.252859 0.433594 0.261438 0.391113 0.302288 0.40332 0.293301 0.445801
1 0.253676 0.459473 0.255719 0.423828 0.292892 0.427246 0.290441 0.462891
1 0.686275 0.614746 0.71201 0.470703 0.758987 0.48291 0.73366 0.626953
1 0.267974 0.57373 0.305147 0.569336 0.309641 0.623047 0.272467 0.627441
1 0.280229 0.585938 0.333333 0.585938 0.333333 0.67041 0.280229 0.67041
0 0.558007 0.727051 0.637663 0.681641 0.658088 0.731934 0.578431 0.777832
0 0.38031 0.76123 0.392565 0.707031 0.490196 0.73877 0.477941 0.792969
