1 0.52451 0.250977 0.540033 0.197754 0.627859 0.234375 0.612745 0.287598
1 0.351307 0.245605 0.433007 0.20459 0.451389 0.258301 0.36969 0.299316
1 0.64134 0.325195 0.685049 0.288086 0.737745 0.375977 0.694036 0.413574
1 0.689951 0.380371 0.736928 0.380371 0.736928 0.434082 0.689951 0.434082
0 0.243056 0.458984 0.276144 0.340332 0.321487 0.358398 0.288399 0.477051
1 0.703023 0.424805 0.745098 0.424805 0.745098 0.466797 0.703023 0.466797
1 0.262663 0.527344 0.286356 0.527344 0.286356 0.570801 0.262663 0.570801
1 0.247141 0.583984 0.297386 0.556152 0.333333 0.649902 0.283088 0.677246
1 0.55433 0.736328 0.617239 0.705566 0.636438 0.76123 0.573121 0.791992
1 0.367239 0.767578 0.379902 0.714355 0.489379 0.751465 0.476716 0.804688
