1 0.565768 0.242188 0.601307 0.192383 0.72018 0.313477 0.684641 0.363281
1 0.280229 0.311523 0.330065 0.249023 0.36683 0.291504 0.316993 0.354004
1 0.699346 0.416016 0.740605 0.409668 0.745507 0.453125 0.70384 0.459473
1 0.690359 0.431152 0.74469 0.41748 0.75817 0.495117 0.704248 0.508301
1 0.248366 0.418945 0.289216 0.418457 0.290441 0.555176 0.249592 0.555664
1 0.706699 0.479004 0.74469 0.479004 0.74469 0.516602 0.706699 0.516602
1 0.269199 0.54834 0.283088 0.54834 0.283088 0.573242 0.269199 0.573242
1 0.617647 0.686523 0.678513 0.597168 0.718546 0.63623 0.65768 0.725586
1 0.29616 0.674316 0.324755 0.635254 0.392565 0.706543 0.363971 0.745605
1 0.460784 0.733398 0.558007 0.726074 0.560866 0.778809 0.463644 0.786133
