0 0.314134 0.26123 0.447712 0.178711 0.472631 0.23584 0.339052 0.318359
1 0.261846 0.402344 0.268791 0.353027 0.313725 0.361816 0.306781 0.411133
1 0.280229 0.391113 0.297794 0.391113 0.297794 0.415527 0.280229 0.415527
1 0.256127 0.397461 0.298611 0.397461 0.298611 0.441895 0.256127 0.441895
1 0.252451 0.458984 0.256127 0.42334 0.293709 0.428223 0.290441 0.463867
1 0.685458 0.618652 0.708333 0.4375 0.762663 0.447266 0.740196 0.628418
1 0.269199 0.571777 0.306373 0.571777 0.306373 0.624512 0.269199 0.624512
1 0.272876 0.595215 0.321895 0.583008 0.336193 0.663574 0.286765 0.675781
0 0.558415 0.729492 0.636846 0.682617 0.656863 0.730469 0.578431 0.777344
0 0.38031 0.759277 0.392974 0.708008 0.489788 0.741211 0.477533 0.79248
