1 0.522059 0.252441 0.538807 0.196289 0.624592 0.23291 0.607843 0.288574
0 0.339052 0.25 0.434641 0.19873 0.455474 0.253906 0.359886 0.305664
1 0.663807 0.334473 0.710784 0.325684 0.717729 0.379395 0.670752 0.388184
1 0.677696 0.349121 0.724265 0.349121 0.724265 0.425293 0.677696 0.425293
0 0.241013 0.445312 0.265523 0.348145 0.318219 0.367188 0.293709 0.464355
1 0.692402 0.392578 0.73366 0.392578 0.73366 0.43457 0.692402 0.43457
1 0.67402 0.639648 0.709967 0.469238 0.758578 0.483887 0.723039 0.654297
1 0.202614 0.432129 0.295343 0.403809 0.359069 0.704102 0.26634 0.732422
1 0.668301 0.616211 0.70098 0.614746 0.703023 0.671387 0.669935 0.672852
1 0.372549 0.770508 0.385212 0.719238 0.462827 0.74707 0.450163 0.79834
