0 0.44281 0.164551 0.491422 0.159668 0.493873 0.193359 0.445261 0.198242
1 0.306373 0.245117 0.36152 0.19873 0.375817 0.223145 0.32067 0.269531
0 0.680556 0.289551 0.704248 0.269043 0.743464 0.333984 0.719771 0.354492
1 0.747141 0.446289 0.772467 0.446289 0.772467 0.474609 0.747141 0.474609
1 0.747958 0.459473 0.773693 0.459473 0.773693 0.490234 0.747958 0.490234
1 0.726716 0.629883 0.740605 0.580566 0.762255 0.589355 0.748366 0.638184
1 0.720997 0.625977 0.742647 0.625977 0.742647 0.662109 0.720997 0.662109
1 0.707108 0.673828 0.716095 0.635254 0.740605 0.643555 0.731618 0.682617
1 0.251225 0.674805 0.275327 0.654785 0.299428 0.695312 0.275327 0.71582
0 0.604984 0.773926 0.680147 0.711426 0.696078 0.73877 0.620915 0.80127
