0 0.269199 0.28418 0.343546 0.208496 0.36683 0.240723 0.292075 0.316895
1 0.673203 0.283691 0.695261 0.262207 0.719771 0.297852 0.697712 0.319336
1 0.223448 0.40918 0.241013 0.349609 0.267157 0.360352 0.25 0.42041
1 0.226307 0.401367 0.247958 0.401367 0.247958 0.432617 0.226307 0.432617
1 0.222631 0.423828 0.243873 0.423828 0.243873 0.451172 0.222631 0.451172
1 0.21732 0.544434 0.242647 0.544434 0.242647 0.572754 0.21732 0.572754
1 0.219771 0.561523 0.243873 0.561523 0.243873 0.587402 0.219771 0.587402
1 0.259395 0.696777 0.283497 0.671875 0.326389 0.731445 0.302288 0.756348
1 0.63031 0.759766 0.685458 0.70459 0.704248 0.730957 0.649101 0.786133
0 0.520016 0.805664 0.568219 0.795898 0.572712 0.828613 0.52451 0.837891
