0 0.481618 0.178711 0.482843 0.144531 0.53268 0.146973 0.531454 0.181152
1 0.336601 0.197754 0.402778 0.160645 0.41585 0.193359 0.349673 0.230469
0 0.70384 0.311523 0.730392 0.294922 0.761438 0.364746 0.734477 0.381348
1 0.747141 0.47998 0.773693 0.47998 0.773693 0.505371 0.747141 0.505371
1 0.749183 0.496094 0.772059 0.496094 0.772059 0.519531 0.749183 0.519531
1 0.235703 0.613281 0.261029 0.604004 0.270833 0.641602 0.245098 0.650879
1 0.721814 0.622559 0.739379 0.622559 0.739379 0.646484 0.721814 0.646484
1 0.707516 0.669922 0.713644 0.631836 0.736928 0.637207 0.730392 0.675293
1 0.676471 0.693359 0.712418 0.639648 0.738154 0.664062 0.702206 0.717773
0 0.566993 0.775879 0.653595 0.724121 0.667892 0.758789 0.581291 0.810547
