1 0.637663 0.239746 0.65768 0.212402 0.727533 0.285645 0.707516 0.312988
1 0.28268 0.295898 0.305556 0.26416 0.324755 0.28418 0.302288 0.315918
1 0.739379 0.356934 0.761029 0.356934 0.761029 0.388184 0.739379 0.388184
1 0.746732 0.371094 0.767974 0.371094 0.767974 0.415527 0.746732 0.415527
1 0.754493 0.402832 0.773693 0.402832 0.773693 0.436523 0.754493 0.436523
1 0.756944 0.422363 0.778595 0.422363 0.778595 0.451172 0.756944 0.451172
1 0.756944 0.543945 0.783088 0.543945 0.783088 0.574219 0.756944 0.574219
1 0.755719 0.560059 0.780229 0.560059 0.780229 0.587891 0.755719 0.587891
1 0.672794 0.728027 0.718954 0.671387 0.742647 0.699219 0.696895 0.755859
1 0.297386 0.731445 0.314134 0.707031 0.362745 0.753906 0.345997 0.778809
1 0.427288 0.828125 0.432598 0.79541 0.479984 0.806641 0.474673 0.839355
