1 0.503676 0.166992 0.539624 0.166992 0.539624 0.199707 0.503676 0.199707
0 0.351307 0.218262 0.407271 0.185059 0.419526 0.214844 0.363971 0.248535
1 0.609069 0.223633 0.625408 0.193848 0.696487 0.25 0.680556 0.279297
1 0.715686 0.314941 0.739379 0.311035 0.743464 0.350098 0.72018 0.354004
1 0.729167 0.333496 0.750408 0.333496 0.750408 0.366211 0.729167 0.366211
1 0.739379 0.356934 0.761029 0.356934 0.761029 0.397461 0.739379 0.397461
1 0.744281 0.388672 0.764706 0.378906 0.772876 0.40332 0.752451 0.413086
0 0.223856 0.454102 0.251225 0.454102 0.251225 0.511719 0.223856 0.511719
1 0.235294 0.609863 0.259395 0.595703 0.292484 0.674805 0.268382 0.688965
1 0.610294 0.784668 0.635212 0.775879 0.640931 0.798828 0.616013 0.807617
