807.0 315.0 1049.0 225.0 1092.0 343.0 851.0 432.0 ItemContent 0
1405.0 379.0 1451.0 240.0 1619.0 296.0 1573.0 435.0 Others 0
1786.0 631.0 1902.0 578.0 1972.0 732.0 1856.0 785.0 Others 0
443.0 799.0 514.0 586.0 656.0 634.0 585.0 846.0 ItemContent 0
1861.0 728.0 1977.0 728.0 1977.0 838.0 1861.0 838.0 Others 0
1871.0 776.0 1993.0 776.0 1993.0 895.0 1871.0 895.0 Others 0
1883.0 1128.0 1979.0 1128.0 1979.0 1228.0 1883.0 1228.0 Others 0
435.0 1188.0 550.0 1140.0 666.0 1419.0 551.0 1467.0 Others 0
1736.0 1455.0 1879.0 1171.0 1998.0 1231.0 1855.0 1515.0 ItemContent 0
801.0 1704.0 843.0 1585.0 1045.0 1656.0 1002.0 1775.0 Others 0
1341.0 1729.0 1647.0 1541.0 1707.0 1639.0 1402.0 1827.0 Others 0
