926.0 282.0 1123.0 231.0 1153.0 348.0 956.0 399.0 ItemContent 0
1448.0 370.0 1510.0 261.0 1743.0 393.0 1681.0 502.0 ItemContent 0
531.0 691.0 603.0 527.0 709.0 574.0 637.0 737.0 Others 0
532.0 656.0 627.0 656.0 627.0 763.0 532.0 763.0 Others 0
510.0 723.0 591.0 723.0 591.0 806.0 510.0 806.0 Others 0
1874.0 767.0 1979.0 746.0 1997.0 833.0 1892.0 854.0 Others 0
1888.0 819.0 1993.0 804.0 2005.0 881.0 1900.0 897.0 Others 0
481.0 1134.0 559.0 1134.0 559.0 1206.0 481.0 1206.0 Others 0
1770.0 1494.0 1785.0 1416.0 1876.0 1434.0 1860.0 1512.0 Others 0
893.0 1734.0 929.0 1627.0 1082.0 1678.0 1046.0 1785.0 Others 0
1240.0 1699.0 1590.0 1622.0 1615.0 1737.0 1265.0 1814.0 ItemContent 0
