1252.0 334.0 1282.0 224.0 1557.0 300.0 1527.0 410.0 Others 0
740.0 341.0 912.0 283.0 961.0 431.0 789.0 489.0 Others 0
1741.0 522.0 1804.0 522.0 1804.0 580.0 1741.0 580.0 Others 0
1728.0 647.0 1756.0 541.0 1889.0 576.0 1862.0 682.0 Others 0
1828.0 656.0 1925.0 656.0 1925.0 752.0 1828.0 752.0 Others 0
1860.0 753.0 1951.0 745.0 1958.0 823.0 1867.0 831.0 Others 0
419.0 958.0 480.0 694.0 592.0 720.0 531.0 984.0 ItemContent 0
1907.0 1101.0 1977.0 1101.0 1977.0 1163.0 1907.0 1163.0 Others 0
467.0 1327.0 584.0 1262.0 690.0 1451.0 572.0 1517.0 ItemContent 0
1468.0 1659.0 1637.0 1554.0 1697.0 1651.0 1528.0 1756.0 Others 0
895.0 1754.0 916.0 1653.0 1194.0 1711.0 1173.0 1812.0 Others 0
