837.0 313.0 998.0 265.0 1038.0 399.0 878.0 447.0 Others 0
1341.0 360.0 1387.0 247.0 1660.0 360.0 1613.0 472.0 Others 0
1800.0 604.0 1863.0 604.0 1863.0 680.0 1800.0 680.0 Others 0
428.0 855.0 527.0 601.0 650.0 649.0 551.0 903.0 ItemContent 0
1868.0 840.0 1878.0 758.0 1961.0 768.0 1950.0 851.0 Others 0
1891.0 854.0 1981.0 854.0 1981.0 930.0 1891.0 930.0 Others 0
1864.0 1278.0 1889.0 1116.0 1996.0 1132.0 1971.0 1294.0 Others 0
441.0 1231.0 575.0 1190.0 637.0 1395.0 504.0 1436.0 ItemContent 0
1381.0 1697.0 1565.0 1623.0 1608.0 1728.0 1423.0 1802.0 Others 0
805.0 1721.0 841.0 1616.0 1107.0 1709.0 1070.0 1813.0 Others 0
