994.0 252.0 1152.0 230.0 1167.0 335.0 1009.0 358.0 Others 0
1335.0 329.0 1380.0 216.0 1721.0 352.0 1675.0 465.0 Others 0
1806.0 626.0 1915.0 572.0 1993.0 729.0 1884.0 784.0 Others 0
497.0 753.0 530.0 619.0 645.0 648.0 612.0 781.0 Others 0
498.0 699.0 602.0 699.0 602.0 800.0 498.0 800.0 Others 0
1846.0 713.0 1972.0 671.0 2037.0 867.0 1911.0 909.0 Others 0
458.0 1140.0 567.0 1102.0 659.0 1371.0 550.0 1408.0 Others 0
1818.0 1353.0 1878.0 1194.0 2008.0 1243.0 1948.0 1401.0 Others 0
836.0 1695.0 878.0 1589.0 1066.0 1664.0 1023.0 1770.0 Others 0
1374.0 1679.0 1610.0 1594.0 1647.0 1697.0 1411.0 1781.0 Others 0
