1149.0 239.0 1308.0 239.0 1308.0 368.0 1149.0 368.0 Others 0
1602.0 467.0 1676.0 408.0 1761.0 514.0 1687.0 573.0 Others 0
569.0 537.0 764.0 359.0 847.0 449.0 652.0 627.0 ItemContent 0
1686.0 566.0 1762.0 497.0 1871.0 618.0 1795.0 687.0 Others 0
1888.0 895.0 1960.0 895.0 1960.0 975.0 1888.0 975.0 Others 0
414.0 911.0 519.0 911.0 519.0 1101.0 414.0 1101.0 ItemContent 0
1882.0 954.0 1982.0 954.0 1982.0 1125.0 1882.0 1125.0 ItemContent 0
1879.0 1074.0 1971.0 1074.0 1971.0 1160.0 1879.0 1160.0 Others 0
1872.0 1173.0 1950.0 1173.0 1950.0 1239.0 1872.0 1239.0 Others 0
1679.0 1526.0 1802.0 1379.0 1878.0 1442.0 1755.0 1589.0 Others 0
550.0 1484.0 615.0 1420.0 812.0 1616.0 747.0 1681.0 Others 0
1091.0 1729.0 1241.0 1729.0 1241.0 1800.0 1091.0 1800.0 Others 0
