972.0 252.0 1170.0 230.0 1184.0 349.0 985.0 371.0 ItemContent 0
1471.0 415.0 1542.0 314.0 1762.0 469.0 1690.0 570.0 ItemContent 0
449.0 691.0 649.0 411.0 747.0 482.0 547.0 761.0 Others 0
1850.0 868.0 1944.0 868.0 1944.0 940.0 1850.0 940.0 Others 0
1851.0 920.0 1951.0 915.0 1955.0 990.0 1855.0 995.0 Others 0
393.0 1016.0 497.0 1016.0 497.0 1112.0 393.0 1112.0 Others 0
392.0 1066.0 511.0 1066.0 511.0 1201.0 392.0 1201.0 Others 0
404.0 1131.0 516.0 1131.0 516.0 1236.0 404.0 1236.0 Others 0
1608.0 1551.0 1799.0 1316.0 1899.0 1398.0 1708.0 1632.0 Others 0
717.0 1680.0 781.0 1568.0 946.0 1663.0 882.0 1774.0 Others 0
1088.0 1707.0 1439.0 1669.0 1450.0 1779.0 1100.0 1817.0 ItemContent 0
