1230.0 330.0 1249.0 230.0 1537.0 288.0 1518.0 387.0 Others 0
724.0 385.0 915.0 281.0 979.0 397.0 787.0 501.0 Others 0
1754.0 582.0 1843.0 531.0 1939.0 700.0 1850.0 751.0 ItemContent 0
443.0 886.0 541.0 886.0 541.0 976.0 443.0 976.0 Others 0
438.0 916.0 538.0 916.0 538.0 1040.0 438.0 1040.0 Others 0
1850.0 1311.0 1905.0 1065.0 2015.0 1089.0 1960.0 1336.0 ItemContent 0
484.0 1231.0 581.0 1231.0 581.0 1318.0 484.0 1318.0 Others 0
468.0 1342.0 588.0 1261.0 765.0 1525.0 645.0 1606.0 Others 0
1489.0 1632.0 1643.0 1556.0 1702.0 1674.0 1549.0 1751.0 Others 0
892.0 1752.0 920.0 1642.0 1199.0 1711.0 1171.0 1822.0 Others 0
