1361.0 340.0 1402.0 230.0 1640.0 318.0 1599.0 429.0 Others 0
833.0 296.0 997.0 246.0 1038.0 382.0 875.0 432.0 Others 0
480.0 738.0 558.0 583.0 663.0 636.0 586.0 791.0 Others 0
1799.0 641.0 1922.0 592.0 2000.0 792.0 1878.0 841.0 ItemContent 0
431.0 872.0 498.0 668.0 629.0 711.0 563.0 915.0 Others 0
474.0 1129.0 565.0 1129.0 565.0 1233.0 474.0 1233.0 Others 0
1781.0 1408.0 1905.0 1139.0 2017.0 1191.0 1893.0 1460.0 Others 0
462.0 1226.0 571.0 1180.0 660.0 1387.0 551.0 1434.0 Others 0
580.0 1340.0 670.0 1340.0 670.0 1474.0 580.0 1474.0 Others 0
766.0 1639.0 808.0 1563.0 943.0 1639.0 901.0 1714.0 Others 0
1407.0 1665.0 1602.0 1586.0 1647.0 1697.0 1452.0 1776.0 Others 0
