1304.0 334.0 1328.0 212.0 1483.0 243.0 1459.0 365.0 Others 0
688.0 407.0 933.0 262.0 992.0 362.0 747.0 507.0 Others 0
1724.0 527.0 1835.0 460.0 1981.0 701.0 1869.0 769.0 Others 0
434.0 928.0 512.0 646.0 624.0 676.0 546.0 959.0 Others 0
455.0 938.0 541.0 938.0 541.0 1015.0 455.0 1015.0 Others 0
1866.0 1254.0 1907.0 1057.0 2025.0 1081.0 1984.0 1278.0 ItemContent 0
509.0 1264.0 609.0 1252.0 623.0 1358.0 522.0 1371.0 Others 0
536.0 1377.0 589.0 1346.0 652.0 1453.0 599.0 1484.0 Others 0
1450.0 1655.0 1701.0 1513.0 1754.0 1608.0 1503.0 1749.0 Others 0
948.0 1743.0 971.0 1639.0 1183.0 1685.0 1160.0 1789.0 Others 0
