833.0 313.0 1087.0 190.0 1139.0 296.0 885.0 419.0 Others 0
1345.0 343.0 1387.0 241.0 1673.0 360.0 1631.0 461.0 Others 0
1796.0 678.0 1927.0 645.0 1980.0 857.0 1848.0 890.0 ItemContent 0
433.0 869.0 461.0 720.0 562.0 739.0 534.0 888.0 Others 0
410.0 1078.0 521.0 1055.0 553.0 1215.0 443.0 1238.0 Others 0
416.0 1171.0 535.0 1133.0 606.0 1353.0 487.0 1392.0 ItemContent 0
1749.0 1428.0 1852.0 1178.0 1973.0 1228.0 1870.0 1478.0 ItemContent 0
521.0 1306.0 607.0 1306.0 607.0 1423.0 521.0 1423.0 Others 0
724.0 1665.0 776.0 1554.0 1040.0 1678.0 988.0 1789.0 Others 0
1344.0 1656.0 1506.0 1618.0 1538.0 1754.0 1376.0 1792.0 Others 0
