972.0 254.0 1169.0 232.0 1182.0 348.0 985.0 370.0 ItemContent 0
1473.0 414.0 1541.0 317.0 1757.0 467.0 1689.0 565.0 ItemContent 0
452.0 689.0 650.0 414.0 745.0 482.0 546.0 757.0 Others 0
1847.0 867.0 1945.0 867.0 1945.0 943.0 1847.0 943.0 Others 0
1850.0 920.0 1951.0 915.0 1955.0 989.0 1854.0 994.0 Others 0
390.0 1013.0 498.0 1013.0 498.0 1114.0 390.0 1114.0 Others 0
380.0 1069.0 506.0 1050.0 532.0 1231.0 407.0 1249.0 Others 0
1608.0 1552.0 1800.0 1315.0 1900.0 1395.0 1707.0 1633.0 Others 0
722.0 1679.0 783.0 1573.0 944.0 1665.0 883.0 1771.0 Others 0
1086.0 1709.0 1438.0 1669.0 1451.0 1778.0 1099.0 1819.0 ItemContent 0
