1022.0 258.0 1218.0 235.0 1231.0 350.0 1036.0 372.0 ItemContent 0
1522.0 420.0 1594.0 320.0 1810.0 475.0 1739.0 575.0 ItemContent 0
495.0 692.0 694.0 421.0 789.0 491.0 590.0 761.0 Others 0
1889.0 881.0 1988.0 869.0 1997.0 942.0 1898.0 954.0 Others 0
1895.0 927.0 1998.0 920.0 2003.0 996.0 1900.0 1003.0 Others 0
427.0 1028.0 550.0 1015.0 571.0 1222.0 448.0 1235.0 Others 0
1757.0 1480.0 1817.0 1331.0 1919.0 1373.0 1858.0 1521.0 Others 0
1652.0 1561.0 1779.0 1393.0 1888.0 1476.0 1761.0 1644.0 Others 0
771.0 1702.0 821.0 1584.0 996.0 1659.0 947.0 1776.0 Others 0
1128.0 1714.0 1479.0 1674.0 1492.0 1782.0 1141.0 1822.0 ItemContent 0
