926.0 285.0 1121.0 233.0 1151.0 345.0 956.0 397.0 ItemContent 0
1451.0 370.0 1508.0 265.0 1739.0 392.0 1681.0 497.0 ItemContent 0
535.0 691.0 606.0 529.0 706.0 573.0 635.0 735.0 Others 0
532.0 656.0 627.0 656.0 627.0 760.0 532.0 760.0 Others 0
497.0 790.0 521.0 714.0 603.0 740.0 579.0 816.0 Others 0
1875.0 772.0 1973.0 747.0 1994.0 829.0 1895.0 854.0 Others 0
1889.0 823.0 1988.0 801.0 2004.0 875.0 1905.0 897.0 Others 0
1771.0 1462.0 1810.0 1410.0 1879.0 1462.0 1840.0 1514.0 Others 0
900.0 1725.0 933.0 1634.0 1075.0 1686.0 1043.0 1777.0 Others 0
1240.0 1706.0 1587.0 1623.0 1614.0 1732.0 1267.0 1816.0 ItemContent 0
