837.0 312.0 1106.0 229.0 1140.0 340.0 872.0 424.0 Others 0
1341.0 348.0 1400.0 227.0 1742.0 395.0 1683.0 516.0 ItemContent 0
508.0 720.0 520.0 616.0 635.0 629.0 623.0 733.0 Others 0
1798.0 638.0 1872.0 601.0 1934.0 724.0 1859.0 761.0 Others 0
491.0 758.0 505.0 661.0 614.0 676.0 600.0 774.0 Others 0
423.0 1143.0 547.0 1106.0 627.0 1370.0 502.0 1407.0 Others 0
1828.0 1341.0 1844.0 1242.0 1958.0 1261.0 1941.0 1360.0 Others 0
1794.0 1437.0 1801.0 1339.0 1907.0 1347.0 1899.0 1445.0 Others 0
770.0 1688.0 822.0 1574.0 1012.0 1661.0 960.0 1775.0 ItemContent 0
1284.0 1706.0 1587.0 1610.0 1619.0 1712.0 1316.0 1807.0 Others 0
