892.0 296.0 1134.0 239.0 1159.0 344.0 917.0 401.0 ItemContent 0
1474.0 433.0 1532.0 301.0 1688.0 369.0 1630.0 501.0 Others 0
470.0 711.0 572.0 522.0 695.0 588.0 594.0 778.0 Others 0
1857.0 747.0 1919.0 730.0 1946.0 830.0 1885.0 847.0 Others 0
1861.0 901.0 1913.0 829.0 1993.0 887.0 1941.0 960.0 Others 0
1890.0 903.0 1984.0 903.0 1984.0 989.0 1890.0 989.0 Others 0
413.0 1100.0 522.0 1071.0 599.0 1357.0 490.0 1387.0 Others 0
1840.0 1236.0 1941.0 1236.0 1941.0 1346.0 1840.0 1346.0 Others 0
1666.0 1534.0 1854.0 1248.0 1965.0 1320.0 1777.0 1607.0 ItemContent 0
720.0 1659.0 778.0 1559.0 938.0 1652.0 879.0 1752.0 Others 0
1403.0 1685.0 1558.0 1620.0 1598.0 1715.0 1443.0 1780.0 Others 0
