1306.0 329.0 1344.0 214.0 1620.0 306.0 1581.0 421.0 Others 0
800.0 289.0 972.0 246.0 1009.0 394.0 837.0 437.0 Others 0
1772.0 540.0 1848.0 540.0 1848.0 634.0 1772.0 634.0 Others 0
1807.0 599.0 1902.0 599.0 1902.0 698.0 1807.0 698.0 Others 0
1846.0 702.0 1939.0 695.0 1946.0 776.0 1852.0 783.0 Others 0
428.0 871.0 512.0 616.0 623.0 653.0 539.0 907.0 ItemContent 0
1877.0 795.0 1968.0 788.0 1973.0 857.0 1882.0 863.0 Others 0
1885.0 1123.0 1976.0 1123.0 1976.0 1216.0 1885.0 1216.0 Others 0
449.0 1240.0 579.0 1190.0 656.0 1393.0 527.0 1442.0 ItemContent 0
1417.0 1653.0 1590.0 1566.0 1645.0 1675.0 1471.0 1762.0 Others 0
838.0 1710.0 867.0 1607.0 1136.0 1682.0 1108.0 1785.0 Others 0
