866.0 297.0 1038.0 266.0 1065.0 414.0 893.0 445.0 Others 0
1371.0 367.0 1418.0 260.0 1684.0 377.0 1636.0 484.0 Others 0
1810.0 608.0 1901.0 608.0 1901.0 731.0 1810.0 731.0 Others 0
1834.0 669.0 1949.0 669.0 1949.0 785.0 1834.0 785.0 Others 0
441.0 851.0 549.0 587.0 679.0 641.0 571.0 905.0 ItemContent 0
1866.0 782.0 1971.0 761.0 2000.0 905.0 1895.0 926.0 Others 0
1896.0 859.0 2004.0 859.0 2004.0 959.0 1896.0 959.0 Others 0
1890.0 1214.0 1974.0 1214.0 1974.0 1290.0 1890.0 1290.0 Others 0
448.0 1221.0 585.0 1178.0 652.0 1391.0 515.0 1434.0 ItemContent 0
805.0 1721.0 844.0 1611.0 1115.0 1705.0 1077.0 1816.0 Others 0
1377.0 1698.0 1572.0 1625.0 1616.0 1742.0 1421.0 1815.0 Others 0
