1189.0 317.0 1203.0 213.0 1445.0 247.0 1431.0 351.0 ItemContent 0
656.0 446.0 823.0 306.0 908.0 409.0 741.0 548.0 ItemContent 0
1702.0 534.0 1806.0 457.0 1903.0 588.0 1798.0 665.0 Others 0
438.0 1077.0 461.0 793.0 566.0 802.0 542.0 1086.0 Others 0
1918.0 1124.0 1923.0 975.0 1994.0 977.0 1990.0 1126.0 Others 0
1914.0 1093.0 1981.0 1093.0 1981.0 1185.0 1914.0 1185.0 Others 0
1893.0 1157.0 1981.0 1157.0 1981.0 1238.0 1893.0 1238.0 Others 0
522.0 1405.0 626.0 1324.0 770.0 1508.0 666.0 1589.0 Others 0
1479.0 1648.0 1777.0 1420.0 1856.0 1522.0 1557.0 1750.0 ItemContent 0
1174.0 1692.0 1324.0 1692.0 1324.0 1788.0 1174.0 1788.0 Others 0
