1020.0 256.0 1218.0 232.0 1233.0 350.0 1035.0 375.0 ItemContent 0
1518.0 420.0 1593.0 317.0 1813.0 476.0 1738.0 580.0 ItemContent 0
495.0 693.0 695.0 412.0 793.0 482.0 593.0 763.0 Others 0
1890.0 883.0 1985.0 870.0 1995.0 939.0 1900.0 952.0 Others 0
1896.0 930.0 1996.0 922.0 2001.0 995.0 1902.0 1002.0 Others 0
433.0 1023.0 553.0 1023.0 553.0 1182.0 433.0 1182.0 Others 0
446.0 1115.0 562.0 1115.0 562.0 1225.0 446.0 1225.0 Others 0
1702.0 1514.0 1773.0 1514.0 1773.0 1590.0 1702.0 1590.0 Others 0
767.0 1705.0 820.0 1580.0 998.0 1654.0 945.0 1780.0 Others 0
1130.0 1712.0 1480.0 1674.0 1491.0 1782.0 1142.0 1820.0 ItemContent 0
