839.0 313.0 1105.0 234.0 1136.0 339.0 870.0 419.0 Others 0
1344.0 346.0 1401.0 230.0 1740.0 397.0 1683.0 513.0 ItemContent 0
506.0 616.0 635.0 616.0 635.0 736.0 506.0 736.0 Others 0
1795.0 629.0 1874.0 593.0 1935.0 727.0 1856.0 763.0 Others 0
489.0 760.0 504.0 657.0 616.0 673.0 602.0 776.0 Others 0
428.0 1145.0 545.0 1110.0 622.0 1363.0 505.0 1399.0 ItemContent 0
1829.0 1338.0 1847.0 1242.0 1957.0 1263.0 1939.0 1359.0 Others 0
1792.0 1436.0 1801.0 1336.0 1909.0 1346.0 1899.0 1446.0 Others 0
774.0 1685.0 824.0 1578.0 1008.0 1665.0 958.0 1771.0 ItemContent 0
1285.0 1714.0 1584.0 1609.0 1617.0 1705.0 1319.0 1810.0 Others 0
