1458.0 346.0 1512.0 253.0 1666.0 342.0 1612.0 436.0 Others 0
770.0 350.0 957.0 266.0 1007.0 377.0 820.0 461.0 Others 0
1746.0 485.0 1850.0 475.0 1864.0 617.0 1760.0 627.0 Others 0
1767.0 561.0 1874.0 504.0 1986.0 714.0 1880.0 771.0 Others 0
1871.0 806.0 1891.0 714.0 1994.0 736.0 1974.0 828.0 Others 0
454.0 900.0 542.0 627.0 648.0 661.0 561.0 934.0 Others 0
1857.0 1325.0 1926.0 1045.0 2039.0 1072.0 1969.0 1352.0 Others 0
500.0 1300.0 614.0 1240.0 711.0 1424.0 598.0 1484.0 Others 0
1498.0 1608.0 1654.0 1546.0 1707.0 1677.0 1551.0 1739.0 Others 0
907.0 1726.0 936.0 1619.0 1181.0 1685.0 1152.0 1792.0 Others 0
