1325.0 359.0 1371.0 246.0 1644.0 355.0 1599.0 468.0 Others 0
827.0 312.0 988.0 269.0 1024.0 404.0 863.0 447.0 Others 0
1773.0 583.0 1869.0 583.0 1869.0 720.0 1773.0 720.0 Others 0
1805.0 643.0 1920.0 643.0 1920.0 760.0 1805.0 760.0 Others 0
427.0 864.0 520.0 613.0 635.0 656.0 542.0 906.0 ItemContent 0
1845.0 744.0 1960.0 744.0 1960.0 859.0 1845.0 859.0 Others 0
1842.0 808.0 1959.0 774.0 2001.0 917.0 1884.0 951.0 Others 0
1854.0 1264.0 1886.0 1104.0 1994.0 1125.0 1962.0 1286.0 Others 0
445.0 1244.0 562.0 1203.0 629.0 1393.0 512.0 1434.0 ItemContent 0
1381.0 1698.0 1557.0 1615.0 1603.0 1712.0 1427.0 1795.0 Others 0
805.0 1717.0 839.0 1618.0 1100.0 1709.0 1066.0 1807.0 Others 0
