893.0 294.0 1196.0 233.0 1216.0 330.0 912.0 391.0 Others 0
1478.0 391.0 1535.0 287.0 1724.0 392.0 1666.0 496.0 Others 0
505.0 691.0 607.0 529.0 701.0 589.0 599.0 750.0 ItemContent 0
1905.0 885.0 2001.0 877.0 2013.0 1034.0 1917.0 1042.0 Others 0
434.0 1083.0 546.0 1061.0 596.0 1309.0 485.0 1331.0 Others 0
1859.0 1310.0 1877.0 1222.0 1977.0 1242.0 1959.0 1330.0 Others 0
1861.0 1282.0 1909.0 1282.0 1909.0 1345.0 1861.0 1345.0 Others 0
1688.0 1522.0 1867.0 1258.0 1982.0 1336.0 1802.0 1600.0 Others 0
752.0 1668.0 804.0 1563.0 952.0 1637.0 899.0 1742.0 Others 0
1254.0 1714.0 1528.0 1642.0 1557.0 1750.0 1282.0 1822.0 Others 0
