937.0 262.0 1102.0 229.0 1130.0 371.0 965.0 404.0 Others 0
1429.0 376.0 1490.0 263.0 1752.0 404.0 1691.0 517.0 Others 0
457.0 755.0 597.0 500.0 721.0 568.0 581.0 823.0 ItemContent 0
1842.0 661.0 1933.0 661.0 1933.0 782.0 1842.0 782.0 Others 0
1850.0 734.0 1963.0 708.0 2013.0 927.0 1900.0 953.0 ItemContent 0
1877.0 880.0 1999.0 858.0 2026.0 1013.0 1905.0 1035.0 Others 0
435.0 1124.0 561.0 1097.0 606.0 1306.0 481.0 1334.0 ItemContent 0
1859.0 1276.0 1938.0 1276.0 1938.0 1343.0 1859.0 1343.0 Others 0
707.0 1637.0 757.0 1538.0 1033.0 1676.0 983.0 1775.0 Others 0
1311.0 1686.0 1503.0 1645.0 1529.0 1767.0 1336.0 1807.0 Others 0
