1410.0 399.0 1448.0 266.0 1610.0 312.0 1572.0 445.0 Others 0
792.0 357.0 1065.0 248.0 1110.0 362.0 838.0 471.0 Others 0
557.0 706.0 583.0 581.0 669.0 599.0 643.0 724.0 Others 0
1791.0 647.0 1922.0 594.0 2031.0 860.0 1900.0 913.0 Others 0
467.0 866.0 541.0 635.0 639.0 667.0 565.0 897.0 Others 0
459.0 934.0 471.0 825.0 573.0 837.0 561.0 945.0 Others 0
457.0 1133.0 556.0 1118.0 581.0 1281.0 482.0 1296.0 Others 0
1813.0 1386.0 1885.0 1193.0 2009.0 1240.0 1937.0 1432.0 Others 0
841.0 1730.0 880.0 1623.0 1068.0 1691.0 1029.0 1798.0 Others 0
1339.0 1711.0 1608.0 1618.0 1645.0 1723.0 1375.0 1816.0 Others 0
