1272.0 340.0 1305.0 231.0 1578.0 314.0 1544.0 423.0 Others 0
762.0 342.0 920.0 285.0 967.0 414.0 809.0 471.0 Others 0
1694.0 562.0 1796.0 487.0 1921.0 658.0 1819.0 733.0 Others 0
1823.0 674.0 1933.0 674.0 1933.0 784.0 1823.0 784.0 Others 0
419.0 919.0 486.0 673.0 593.0 702.0 526.0 948.0 ItemContent 0
1861.0 771.0 1958.0 771.0 1958.0 857.0 1861.0 857.0 Others 0
1868.0 1206.0 1890.0 1037.0 1998.0 1051.0 1976.0 1220.0 Others 0
452.0 1307.0 564.0 1244.0 667.0 1427.0 556.0 1490.0 ItemContent 0
1437.0 1673.0 1615.0 1575.0 1669.0 1673.0 1491.0 1770.0 Others 0
865.0 1741.0 890.0 1646.0 1157.0 1717.0 1132.0 1812.0 Others 0
