1195.0 330.0 1228.0 211.0 1587.0 311.0 1554.0 430.0 ItemContent 0
683.0 392.0 940.0 258.0 999.0 371.0 742.0 505.0 Others 0
1642.0 491.0 1716.0 424.0 1906.0 633.0 1833.0 700.0 Others 0
435.0 836.0 449.0 749.0 563.0 768.0 549.0 855.0 Others 0
425.0 884.0 437.0 804.0 547.0 821.0 534.0 901.0 Others 0
1853.0 1230.0 1862.0 1157.0 1960.0 1170.0 1951.0 1242.0 Others 0
1824.0 1294.0 1840.0 1202.0 1951.0 1220.0 1936.0 1312.0 Others 0
470.0 1271.0 577.0 1264.0 582.0 1350.0 475.0 1357.0 Others 0
489.0 1302.0 604.0 1302.0 604.0 1424.0 489.0 1424.0 Others 0
484.0 1384.0 604.0 1317.0 689.0 1469.0 569.0 1536.0 Others 0
1401.0 1682.0 1674.0 1526.0 1724.0 1613.0 1451.0 1769.0 Others 0
893.0 1756.0 922.0 1641.0 1119.0 1691.0 1090.0 1805.0 ItemContent 0
