809.0 319.0 1047.0 230.0 1088.0 340.0 850.0 429.0 ItemContent 0
1407.0 372.0 1455.0 244.0 1619.0 305.0 1571.0 434.0 Others 0
1783.0 628.0 1905.0 577.0 1984.0 766.0 1861.0 817.0 Others 0
440.0 791.0 525.0 587.0 658.0 642.0 573.0 846.0 ItemContent 0
1844.0 727.0 1970.0 701.0 2006.0 881.0 1880.0 906.0 Others 0
1885.0 1131.0 1976.0 1131.0 1976.0 1227.0 1885.0 1227.0 Others 0
431.0 1189.0 547.0 1138.0 669.0 1417.0 553.0 1468.0 Others 0
1784.0 1393.0 1876.0 1178.0 1990.0 1227.0 1899.0 1442.0 ItemContent 0
1777.0 1340.0 1867.0 1340.0 1867.0 1474.0 1777.0 1474.0 Others 0
804.0 1696.0 849.0 1585.0 1043.0 1665.0 998.0 1775.0 Others 0
1344.0 1732.0 1648.0 1541.0 1707.0 1636.0 1403.0 1826.0 Others 0
