1267.0 342.0 1283.0 230.0 1477.0 258.0 1461.0 370.0 Others 0
691.0 474.0 901.0 317.0 971.0 412.0 761.0 568.0 Others 0
1706.0 478.0 1798.0 413.0 1995.0 692.0 1903.0 757.0 Others 0
500.0 862.0 604.0 862.0 604.0 948.0 500.0 948.0 Others 0
495.0 987.0 499.0 913.0 600.0 919.0 596.0 993.0 Others 0
1953.0 1018.0 2055.0 1018.0 2055.0 1114.0 1953.0 1114.0 Others 0
1919.0 1227.0 1944.0 1052.0 2062.0 1069.0 2038.0 1244.0 Others 0
548.0 1387.0 651.0 1308.0 839.0 1555.0 736.0 1634.0 Others 0
1509.0 1659.0 1677.0 1575.0 1732.0 1684.0 1564.0 1768.0 Others 0
995.0 1778.0 1009.0 1667.0 1363.0 1711.0 1350.0 1822.0 Others 0
