1165.0 330.0 1172.0 219.0 1366.0 232.0 1358.0 343.0 ItemContent 0
580.0 549.0 817.0 321.0 892.0 399.0 656.0 627.0 Others 0
1633.0 456.0 1727.0 375.0 1907.0 583.0 1813.0 665.0 ItemContent 0
433.0 874.0 557.0 874.0 557.0 1085.0 433.0 1085.0 Others 0
1910.0 983.0 2017.0 983.0 2017.0 1069.0 1910.0 1069.0 Others 0
1907.0 1035.0 2012.0 1035.0 2012.0 1117.0 1907.0 1117.0 Others 0
552.0 1452.0 604.0 1401.0 736.0 1536.0 684.0 1587.0 Others 0
1563.0 1612.0 1790.0 1414.0 1870.0 1507.0 1644.0 1704.0 Others 0
668.0 1570.0 740.0 1489.0 886.0 1618.0 814.0 1699.0 Others 0
1011.0 1780.0 1019.0 1672.0 1374.0 1699.0 1365.0 1808.0 ItemContent 0
