1217.0 348.0 1232.0 233.0 1427.0 259.0 1412.0 374.0 Others 0
643.0 476.0 850.0 323.0 921.0 419.0 713.0 572.0 Others 0
1657.0 482.0 1754.0 413.0 1953.0 691.0 1855.0 761.0 Others 0
455.0 939.0 463.0 871.0 556.0 883.0 547.0 951.0 Others 0
446.0 996.0 451.0 919.0 554.0 926.0 549.0 1003.0 Others 0
1884.0 1213.0 1909.0 1018.0 2021.0 1033.0 1996.0 1227.0 Others 0
531.0 1377.0 621.0 1334.0 686.0 1470.0 596.0 1513.0 Others 0
624.0 1448.0 698.0 1433.0 720.0 1545.0 645.0 1559.0 Others 0
658.0 1496.0 758.0 1496.0 758.0 1601.0 658.0 1601.0 Others 0
1462.0 1670.0 1620.0 1575.0 1683.0 1680.0 1525.0 1775.0 Others 0
957.0 1783.0 970.0 1673.0 1320.0 1714.0 1307.0 1823.0 Others 0
