1085.0 359.0 1087.0 253.0 1360.0 259.0 1358.0 365.0 Others 0
1550.0 449.0 1636.0 355.0 1861.0 563.0 1774.0 656.0 ItemContent 0
591.0 519.0 725.0 402.0 816.0 506.0 682.0 623.0 Others 0
1767.0 591.0 1874.0 591.0 1874.0 691.0 1767.0 691.0 Others 0
1898.0 924.0 1982.0 924.0 1982.0 1000.0 1898.0 1000.0 Others 0
420.0 1154.0 425.0 901.0 542.0 904.0 536.0 1157.0 ItemContent 0
1702.0 1491.0 1785.0 1470.0 1809.0 1567.0 1726.0 1588.0 Others 0
563.0 1510.0 647.0 1426.0 806.0 1585.0 722.0 1669.0 Others 0
1657.0 1580.0 1704.0 1571.0 1714.0 1620.0 1667.0 1629.0 Others 0
1086.0 1723.0 1354.0 1714.0 1357.0 1812.0 1089.0 1821.0 Others 0
