1144.0 468.0 1155.0 365.0 1369.0 388.0 1358.0 491.0 Others 0
763.0 489.0 903.0 489.0 903.0 623.0 763.0 623.0 Others 0
1462.0 522.0 1555.0 437.0 1768.0 672.0 1675.0 757.0 ItemContent 0
1673.0 696.0 1706.0 696.0 1706.0 731.0 1673.0 731.0 Others 0
1669.0 699.0 1769.0 690.0 1777.0 777.0 1677.0 786.0 Others 0
567.0 1081.0 581.0 839.0 691.0 845.0 677.0 1087.0 ItemContent 0
1745.0 938.0 1832.0 938.0 1832.0 1010.0 1745.0 1010.0 Others 0
1748.0 984.0 1831.0 984.0 1831.0 1047.0 1748.0 1047.0 Others 0
641.0 1347.0 732.0 1262.0 881.0 1420.0 791.0 1505.0 ItemContent 0
1483.0 1461.0 1608.0 1367.0 1672.0 1452.0 1547.0 1546.0 Others 0
1024.0 1628.0 1030.0 1528.0 1287.0 1543.0 1281.0 1643.0 Others 0
