970.0 428.0 1202.0 377.0 1226.0 484.0 993.0 535.0 ItemContent 0
1439.0 547.0 1503.0 444.0 1633.0 525.0 1568.0 628.0 Others 0
643.0 760.0 734.0 579.0 839.0 632.0 749.0 812.0 ItemContent 0
1710.0 804.0 1837.0 787.0 1868.0 1020.0 1741.0 1037.0 Others 0
580.0 867.0 704.0 867.0 704.0 992.0 580.0 992.0 Others 0
567.0 999.0 679.0 977.0 737.0 1273.0 625.0 1295.0 Others 0
1697.0 1290.0 1724.0 1179.0 1820.0 1203.0 1792.0 1314.0 Others 0
1534.0 1453.0 1723.0 1196.0 1830.0 1275.0 1641.0 1532.0 ItemContent 0
790.0 1493.0 850.0 1413.0 977.0 1508.0 916.0 1588.0 Others 0
1315.0 1558.0 1463.0 1497.0 1503.0 1593.0 1355.0 1654.0 Others 0
