907.0 418.0 1052.0 375.0 1089.0 501.0 944.0 544.0 Others 0
1322.0 478.0 1369.0 369.0 1582.0 460.0 1535.0 569.0 Others 0
1668.0 651.0 1733.0 647.0 1739.0 748.0 1674.0 752.0 Others 0
1681.0 695.0 1779.0 681.0 1798.0 811.0 1700.0 825.0 ItemContent 0
575.0 871.0 672.0 628.0 787.0 675.0 690.0 917.0 ItemContent 0
1697.0 772.0 1806.0 744.0 1857.0 946.0 1747.0 973.0 Others 0
561.0 900.0 709.0 900.0 709.0 1090.0 561.0 1090.0 Others 0
1713.0 1196.0 1725.0 1078.0 1845.0 1090.0 1833.0 1208.0 Others 0
575.0 1139.0 708.0 1096.0 772.0 1295.0 639.0 1338.0 Others 0
854.0 1542.0 892.0 1443.0 1126.0 1532.0 1088.0 1631.0 Others 0
1357.0 1516.0 1475.0 1477.0 1507.0 1575.0 1390.0 1614.0 Others 0
