888.0 467.0 1118.0 385.0 1160.0 502.0 930.0 584.0 ItemContent 0
1386.0 542.0 1419.0 412.0 1555.0 447.0 1522.0 576.0 Others 0
1722.0 758.0 1823.0 758.0 1823.0 860.0 1722.0 860.0 Others 0
1703.0 896.0 1754.0 794.0 1876.0 856.0 1825.0 957.0 Others 0
1752.0 1188.0 1763.0 1102.0 1845.0 1112.0 1835.0 1198.0 Others 0
1727.0 1248.0 1746.0 1170.0 1839.0 1193.0 1820.0 1271.0 Others 0
1711.0 1293.0 1734.0 1215.0 1815.0 1239.0 1792.0 1317.0 Others 0
1694.0 1326.0 1712.0 1262.0 1798.0 1287.0 1780.0 1351.0 Others 0
1650.0 1291.0 1750.0 1288.0 1754.0 1418.0 1654.0 1421.0 Others 0
1418.0 1525.0 1569.0 1455.0 1610.0 1545.0 1459.0 1614.0 Others 0
901.0 1591.0 947.0 1468.0 1097.0 1525.0 1051.0 1647.0 Others 0
