858.0 489.0 1004.0 427.0 1048.0 529.0 902.0 592.0 Others 0
1365.0 548.0 1408.0 430.0 1560.0 485.0 1517.0 603.0 Others 0
539.0 904.0 722.0 564.0 845.0 630.0 662.0 971.0 ItemContent 0
1687.0 795.0 1764.0 780.0 1779.0 855.0 1702.0 870.0 Others 0
1708.0 838.0 1792.0 838.0 1792.0 910.0 1708.0 910.0 Others 0
1715.0 887.0 1803.0 865.0 1820.0 933.0 1732.0 955.0 Others 0
551.0 1110.0 676.0 1078.0 736.0 1313.0 612.0 1346.0 Others 0
1614.0 1384.0 1679.0 1188.0 1811.0 1232.0 1746.0 1428.0 Others 0
843.0 1590.0 882.0 1472.0 1017.0 1517.0 977.0 1635.0 Others 0
1242.0 1567.0 1473.0 1502.0 1505.0 1613.0 1274.0 1678.0 ItemContent 0
