967.0 471.0 1092.0 430.0 1117.0 506.0 993.0 547.0 Others 0
1342.0 510.0 1380.0 417.0 1612.0 511.0 1574.0 604.0 Others 0
640.0 785.0 745.0 785.0 745.0 881.0 640.0 881.0 Others 0
615.0 905.0 643.0 813.0 743.0 844.0 714.0 936.0 Others 0
613.0 1080.0 702.0 1080.0 702.0 1147.0 613.0 1147.0 Others 0
661.0 1126.0 704.0 1126.0 704.0 1174.0 661.0 1174.0 Others 0
621.0 1158.0 719.0 1147.0 728.0 1228.0 630.0 1239.0 Others 0
653.0 1235.0 753.0 1235.0 753.0 1330.0 653.0 1330.0 Others 0
706.0 1282.0 768.0 1275.0 779.0 1378.0 718.0 1385.0 Others 0
860.0 1563.0 907.0 1465.0 1107.0 1561.0 1060.0 1659.0 Others 0
1363.0 1542.0 1491.0 1529.0 1502.0 1643.0 1374.0 1656.0 Others 0
