966.0 461.0 1104.0 422.0 1130.0 510.0 991.0 549.0 Others 0
1337.0 512.0 1377.0 411.0 1607.0 503.0 1568.0 603.0 Others 0
629.0 872.0 649.0 777.0 756.0 800.0 735.0 895.0 Others 0
617.0 909.0 639.0 813.0 741.0 837.0 719.0 933.0 Others 0
613.0 1080.0 704.0 1080.0 704.0 1147.0 613.0 1147.0 Others 0
659.0 1125.0 707.0 1125.0 707.0 1174.0 659.0 1174.0 Others 0
626.0 1152.0 725.0 1152.0 725.0 1233.0 626.0 1233.0 Others 0
655.0 1239.0 753.0 1239.0 753.0 1326.0 655.0 1326.0 Others 0
710.0 1281.0 772.0 1277.0 778.0 1376.0 716.0 1380.0 Others 0
855.0 1562.0 907.0 1459.0 1112.0 1561.0 1060.0 1665.0 Others 0
1352.0 1546.0 1485.0 1518.0 1510.0 1637.0 1377.0 1665.0 Others 0
