910.0 468.0 1227.0 387.0 1256.0 498.0 938.0 580.0 ItemContent 0
1354.0 525.0 1395.0 418.0 1547.0 476.0 1507.0 582.0 Others 0
713.0 766.0 723.0 643.0 809.0 650.0 798.0 773.0 Others 0
635.0 830.0 692.0 679.0 790.0 716.0 733.0 867.0 Others 0
1728.0 839.0 1830.0 824.0 1842.0 905.0 1739.0 919.0 Others 0
1747.0 895.0 1836.0 887.0 1842.0 949.0 1752.0 957.0 Others 0
1697.0 1322.0 1715.0 1250.0 1770.0 1264.0 1752.0 1335.0 Others 0
1649.0 1418.0 1660.0 1276.0 1757.0 1284.0 1745.0 1426.0 Others 0
794.0 1529.0 850.0 1428.0 1063.0 1546.0 1007.0 1647.0 Others 0
1258.0 1571.0 1452.0 1524.0 1480.0 1638.0 1286.0 1685.0 ItemContent 0
