889.0 473.0 1115.0 388.0 1156.0 497.0 930.0 582.0 ItemContent 0
1389.0 530.0 1427.0 418.0 1552.0 460.0 1515.0 571.0 Others 0
1722.0 757.0 1823.0 757.0 1823.0 857.0 1722.0 857.0 Others 0
1704.0 896.0 1753.0 795.0 1877.0 855.0 1828.0 956.0 Others 0
1765.0 1117.0 1829.0 1117.0 1829.0 1179.0 1765.0 1179.0 Others 0
1725.0 1244.0 1750.0 1166.0 1842.0 1197.0 1816.0 1275.0 Others 0
1704.0 1276.0 1754.0 1209.0 1823.0 1260.0 1773.0 1328.0 Others 0
1698.0 1265.0 1794.0 1265.0 1794.0 1346.0 1698.0 1346.0 Others 0
1654.0 1290.0 1749.0 1290.0 1749.0 1416.0 1654.0 1416.0 Others 0
1418.0 1530.0 1569.0 1454.0 1612.0 1540.0 1461.0 1616.0 Others 0
909.0 1586.0 951.0 1478.0 1089.0 1531.0 1047.0 1639.0 Others 0
