906.0 406.0 1059.0 372.0 1091.0 514.0 938.0 548.0 Others 0
1320.0 480.0 1368.0 365.0 1584.0 455.0 1535.0 570.0 Others 0
1686.0 691.0 1791.0 691.0 1791.0 812.0 1686.0 812.0 Others 0
572.0 868.0 672.0 628.0 790.0 677.0 689.0 917.0 ItemContent 0
1724.0 777.0 1820.0 777.0 1820.0 921.0 1724.0 921.0 Others 0
1735.0 859.0 1840.0 859.0 1840.0 959.0 1735.0 959.0 Others 0
564.0 903.0 702.0 903.0 702.0 1083.0 564.0 1083.0 Others 0
1729.0 1106.0 1826.0 1106.0 1826.0 1192.0 1729.0 1192.0 Others 0
1726.0 1216.0 1733.0 1161.0 1807.0 1170.0 1801.0 1225.0 Others 0
573.0 1131.0 720.0 1092.0 775.0 1302.0 628.0 1340.0 Others 0
853.0 1544.0 892.0 1440.0 1127.0 1528.0 1088.0 1632.0 Others 0
1364.0 1489.0 1495.0 1477.0 1506.0 1597.0 1375.0 1609.0 Others 0
