1144.0 470.0 1156.0 365.0 1371.0 389.0 1360.0 493.0 Others 0
758.0 489.0 902.0 489.0 902.0 623.0 758.0 623.0 Others 0
1384.0 502.0 1481.0 389.0 1789.0 653.0 1692.0 766.0 ItemContent 0
1670.0 686.0 1775.0 686.0 1775.0 787.0 1670.0 787.0 Others 0
564.0 1079.0 578.0 837.0 692.0 844.0 679.0 1085.0 ItemContent 0
1734.0 913.0 1843.0 913.0 1843.0 1023.0 1734.0 1023.0 Others 0
1749.0 984.0 1829.0 984.0 1829.0 1047.0 1749.0 1047.0 Others 0
646.0 1346.0 735.0 1266.0 886.0 1433.0 796.0 1513.0 ItemContent 0
1482.0 1461.0 1610.0 1368.0 1672.0 1453.0 1544.0 1546.0 Others 0
1035.0 1627.0 1040.0 1530.0 1286.0 1543.0 1281.0 1641.0 Others 0
