769.0 535.0 1096.0 366.0 1157.0 483.0 830.0 652.0 ItemContent 0
641.0 824.0 658.0 723.0 768.0 741.0 751.0 842.0 Others 0
686.0 801.0 729.0 801.0 729.0 851.0 686.0 851.0 Others 0
627.0 814.0 731.0 814.0 731.0 905.0 627.0 905.0 Others 0
618.0 940.0 627.0 867.0 719.0 877.0 711.0 950.0 Others 0
1678.0 1267.0 1734.0 896.0 1867.0 916.0 1812.0 1287.0 Others 0
659.0 1171.0 750.0 1171.0 750.0 1279.0 659.0 1279.0 Others 0
668.0 1219.0 788.0 1194.0 823.0 1359.0 702.0 1384.0 Others 0
1367.0 1494.0 1559.0 1398.0 1608.0 1496.0 1416.0 1592.0 ItemContent 0
931.0 1555.0 962.0 1450.0 1199.0 1518.0 1169.0 1623.0 ItemContent 0
