682.0 639.0 985.0 384.0 1075.0 491.0 772.0 747.0 ItemContent 0
1548.0 591.0 1635.0 511.0 1755.0 641.0 1668.0 721.0 Others 0
1746.0 812.0 1804.0 812.0 1804.0 895.0 1746.0 895.0 Others 0
627.0 843.0 734.0 843.0 734.0 938.0 627.0 938.0 Others 0
600.0 1018.0 620.0 863.0 752.0 881.0 731.0 1036.0 Others 0
1733.0 1145.0 1736.0 854.0 1849.0 855.0 1847.0 1146.0 Others 0
629.0 984.0 717.0 984.0 717.0 1056.0 629.0 1056.0 Others 0
689.0 1301.0 785.0 1223.0 937.0 1411.0 841.0 1489.0 Others 0
1481.0 1440.0 1645.0 1300.0 1719.0 1386.0 1555.0 1527.0 ItemContent 0
1073.0 1595.0 1080.0 1484.0 1320.0 1499.0 1313.0 1610.0 Others 0
