1278.0 517.0 1319.0 402.0 1529.0 477.0 1488.0 591.0 Others 0
830.0 512.0 1064.0 407.0 1115.0 520.0 881.0 626.0 ItemContent 0
1625.0 685.0 1740.0 667.0 1757.0 777.0 1642.0 795.0 Others 0
1659.0 715.0 1773.0 715.0 1773.0 871.0 1659.0 871.0 Others 0
590.0 912.0 650.0 713.0 779.0 752.0 719.0 951.0 ItemContent 0
1695.0 804.0 1796.0 804.0 1796.0 890.0 1695.0 890.0 Others 0
1650.0 1310.0 1738.0 961.0 1857.0 991.0 1770.0 1340.0 Others 0
496.0 885.0 723.0 827.0 879.0 1442.0 652.0 1500.0 Others 0
1636.0 1262.0 1716.0 1259.0 1721.0 1375.0 1640.0 1378.0 Others 0
912.0 1578.0 943.0 1473.0 1133.0 1530.0 1102.0 1635.0 Others 0
