1284.0 514.0 1322.0 405.0 1537.0 480.0 1500.0 589.0 Others 0
860.0 503.0 1060.0 419.0 1105.0 529.0 905.0 613.0 Others 0
1570.0 666.0 1677.0 590.0 1806.0 770.0 1699.0 847.0 Others 0
1689.0 779.0 1804.0 779.0 1804.0 889.0 1689.0 889.0 Others 0
595.0 940.0 676.0 697.0 787.0 734.0 706.0 977.0 ItemContent 0
1721.0 870.0 1824.0 870.0 1824.0 956.0 1721.0 956.0 Others 0
643.0 1080.0 701.0 1080.0 701.0 1169.0 643.0 1169.0 Others 0
605.0 1196.0 728.0 1139.0 816.0 1331.0 693.0 1387.0 Others 0
1357.0 1508.0 1511.0 1445.0 1558.0 1559.0 1403.0 1622.0 Others 0
899.0 1572.0 930.0 1463.0 1198.0 1539.0 1167.0 1648.0 Others 0
