764.0 531.0 1100.0 360.0 1164.0 485.0 828.0 657.0 ItemContent 0
644.0 829.0 655.0 727.0 764.0 739.0 753.0 841.0 Others 0
686.0 800.0 729.0 800.0 729.0 849.0 686.0 849.0 Others 0
619.0 888.0 640.0 801.0 740.0 826.0 718.0 913.0 Others 0
621.0 941.0 626.0 868.0 717.0 875.0 711.0 948.0 Others 0
1680.0 1259.0 1743.0 964.0 1858.0 989.0 1796.0 1284.0 Others 0
656.0 1175.0 747.0 1166.0 758.0 1276.0 667.0 1285.0 Others 0
686.0 1200.0 816.0 1200.0 816.0 1373.0 686.0 1373.0 Others 0
1366.0 1489.0 1561.0 1396.0 1611.0 1499.0 1416.0 1593.0 ItemContent 0
931.0 1559.0 961.0 1448.0 1200.0 1513.0 1170.0 1624.0 ItemContent 0
