687.0 641.0 979.0 394.0 1064.0 495.0 772.0 742.0 ItemContent 0
1551.0 589.0 1636.0 512.0 1753.0 640.0 1668.0 717.0 Others 0
625.0 919.0 637.0 839.0 736.0 854.0 724.0 934.0 Others 0
666.0 903.0 718.0 903.0 718.0 964.0 666.0 964.0 Others 0
624.0 930.0 721.0 930.0 721.0 1007.0 624.0 1007.0 Others 0
1732.0 1144.0 1735.0 857.0 1852.0 858.0 1849.0 1145.0 Others 0
627.0 984.0 718.0 984.0 718.0 1056.0 627.0 1056.0 Others 0
688.0 1309.0 782.0 1227.0 946.0 1416.0 852.0 1498.0 Others 0
1484.0 1442.0 1646.0 1301.0 1717.0 1384.0 1555.0 1524.0 ItemContent 0
1074.0 1594.0 1081.0 1487.0 1320.0 1502.0 1313.0 1609.0 ItemContent 0
