1385.0 496.0 1472.0 394.0 1763.0 642.0 1676.0 744.0 Others 0
686.0 638.0 808.0 510.0 898.0 597.0 776.0 725.0 Others 0
1712.0 852.0 1813.0 839.0 1825.0 928.0 1723.0 941.0 Others 0
1690.0 883.0 1823.0 855.0 1856.0 1014.0 1724.0 1041.0 Others 0
608.0 858.0 708.0 857.0 711.0 1137.0 611.0 1138.0 Others 0
1730.0 981.0 1823.0 981.0 1823.0 1058.0 1730.0 1058.0 Others 0
659.0 1123.0 693.0 1123.0 693.0 1174.0 659.0 1174.0 Others 0
1512.0 1406.0 1661.0 1223.0 1759.0 1303.0 1610.0 1486.0 Others 0
725.0 1381.0 795.0 1301.0 961.0 1447.0 891.0 1527.0 Others 0
1128.0 1502.0 1366.0 1487.0 1373.0 1595.0 1135.0 1610.0 Others 0
