659.0 582.0 841.0 427.0 898.0 493.0 715.0 649.0 ItemContent 0
1648.0 581.0 1702.0 537.0 1762.0 610.0 1708.0 654.0 Others 0
547.0 838.0 590.0 716.0 654.0 738.0 612.0 861.0 Others 0
554.0 822.0 607.0 822.0 607.0 886.0 554.0 886.0 Others 0
545.0 868.0 597.0 868.0 597.0 924.0 545.0 924.0 Others 0
532.0 1115.0 594.0 1115.0 594.0 1173.0 532.0 1173.0 Others 0
538.0 1150.0 597.0 1150.0 597.0 1203.0 538.0 1203.0 Others 0
635.0 1427.0 694.0 1376.0 799.0 1498.0 740.0 1549.0 Others 0
1543.0 1556.0 1678.0 1443.0 1724.0 1497.0 1589.0 1610.0 Others 0
1273.0 1650.0 1391.0 1630.0 1402.0 1697.0 1284.0 1716.0 ItemContent 0
