1561.0 491.0 1610.0 435.0 1781.0 585.0 1732.0 641.0 Others 0
692.0 606.0 748.0 541.0 795.0 582.0 740.0 647.0 Others 0
1810.0 731.0 1863.0 731.0 1863.0 795.0 1810.0 795.0 Others 0
1828.0 760.0 1880.0 760.0 1880.0 851.0 1828.0 851.0 Others 0
1847.0 825.0 1894.0 825.0 1894.0 894.0 1847.0 894.0 Others 0
1853.0 865.0 1906.0 865.0 1906.0 924.0 1853.0 924.0 Others 0
1853.0 1114.0 1917.0 1114.0 1917.0 1176.0 1853.0 1176.0 Others 0
1850.0 1147.0 1910.0 1147.0 1910.0 1204.0 1850.0 1204.0 Others 0
1647.0 1491.0 1760.0 1375.0 1818.0 1432.0 1706.0 1548.0 Others 0
728.0 1498.0 769.0 1448.0 888.0 1544.0 847.0 1595.0 Others 0
1046.0 1696.0 1059.0 1629.0 1175.0 1652.0 1162.0 1719.0 Others 0
