1084.0 337.0 1203.0 327.0 1209.0 396.0 1090.0 406.0 ItemContent 0
750.0 502.0 885.0 407.0 920.0 457.0 785.0 552.0 Others 0
1666.0 593.0 1724.0 551.0 1820.0 684.0 1762.0 726.0 ItemContent 0
1829.0 914.0 1891.0 914.0 1891.0 972.0 1829.0 972.0 Others 0
1831.0 941.0 1894.0 941.0 1894.0 1004.0 1831.0 1004.0 Others 0
1779.0 1290.0 1813.0 1189.0 1866.0 1207.0 1832.0 1307.0 Others 0
1765.0 1282.0 1818.0 1282.0 1818.0 1356.0 1765.0 1356.0 Others 0
1731.0 1380.0 1753.0 1301.0 1813.0 1318.0 1791.0 1398.0 Others 0
615.0 1382.0 674.0 1341.0 733.0 1424.0 674.0 1466.0 Others 0
1481.0 1585.0 1665.0 1457.0 1704.0 1513.0 1520.0 1641.0 ItemContent 0
