1233.0 342.0 1321.0 342.0 1321.0 409.0 1233.0 409.0 Others 0
860.0 447.0 997.0 379.0 1027.0 440.0 891.0 509.0 ItemContent 0
1491.0 458.0 1531.0 397.0 1705.0 512.0 1666.0 572.0 Others 0
1752.0 645.0 1810.0 637.0 1820.0 717.0 1763.0 725.0 Others 0
1785.0 683.0 1837.0 683.0 1837.0 750.0 1785.0 750.0 Others 0
1810.0 731.0 1863.0 731.0 1863.0 814.0 1810.0 814.0 Others 0
1822.0 796.0 1872.0 776.0 1892.0 826.0 1842.0 846.0 Others 0
548.0 930.0 615.0 930.0 615.0 1048.0 548.0 1048.0 ItemContent 0
576.0 1249.0 635.0 1220.0 716.0 1382.0 657.0 1411.0 Others 0
1494.0 1607.0 1555.0 1589.0 1569.0 1636.0 1508.0 1654.0 Others 0
