1179.0 366.0 1182.0 296.0 1304.0 301.0 1301.0 371.0 ItemContent 0
824.0 405.0 986.0 329.0 1018.0 396.0 856.0 472.0 Others 0
1723.0 638.0 1788.0 604.0 1864.0 747.0 1798.0 781.0 ItemContent 0
1829.0 983.0 1894.0 983.0 1894.0 1035.0 1829.0 1035.0 Others 0
1834.0 1016.0 1890.0 1016.0 1890.0 1064.0 1834.0 1064.0 Others 0
577.0 1256.0 639.0 1237.0 663.0 1314.0 600.0 1333.0 Others 0
1767.0 1275.0 1810.0 1275.0 1810.0 1324.0 1767.0 1324.0 Others 0
1732.0 1372.0 1747.0 1294.0 1804.0 1305.0 1788.0 1383.0 Others 0
1656.0 1420.0 1744.0 1310.0 1807.0 1360.0 1719.0 1470.0 Others 0
1388.0 1589.0 1600.0 1483.0 1635.0 1554.0 1423.0 1660.0 ItemContent 0
